UNITS=MM
#Layer_Color=16711935
#
#Feature symbol names
#
$0 r49.9999

#
#Feature attribute names
#
@0 .nomenclature
@1 .string
@2 .string_angle

#
#Feature attribute text strings
#
&0 1
&1 2
&2 3
&3 4

#
#Layer features
#
A 51.68857836 41.1226 51.68857836 41.1226 50.927 41.1226 0 P 0 N
A 51.68857836 43.6626 51.68857836 43.6626 50.927 43.6626 0 P 0 N
A 51.68857836 46.2026 51.68857836 46.2026 50.927 46.2026 0 P 0 N
A 51.68857836 48.7426 51.68857836 48.7426 50.927 48.7426 0 P 0 N
A 80.64457836 26.162 80.64457836 26.162 79.883 26.162 0 P 0 N
A 80.64457836 28.702 80.64457836 28.702 79.883 28.702 0 P 0 N
A 80.64457836 31.242 80.64457836 31.242 79.883 31.242 0 P 0 N
A 80.64457836 33.782 80.64457836 33.782 79.883 33.782 0 P 0 N
L 21.71800076 95.1040008 21.71800076 95.9039992 0 P 0
L 21.71800076 95.1040008 23.31800264 95.1040008 0 P 0
L 21.71800076 95.9039992 23.31800264 95.9039992 0 P 0
L 22.1180025 95.1040008 22.1180025 95.9039992 0 P 0
L 22.9180009 95.1040008 22.9180009 95.9039992 0 P 0
L 23.31800264 95.1040008 23.31800264 95.9039992 0 P 0
L 24.07979944 36.80659898 24.07979944 38.30660106 0 P 0
L 24.07979944 36.80659898 25.82980102 36.80659898 0 P 0
L 24.07979944 38.30660106 25.82980102 38.30660106 0 P 0
L 25.82980102 35.70660118 25.82980102 39.40659886 0 P 0
L 25.82980102 35.70660118 31.92979898 35.70660118 0 P 0
L 25.82980102 39.40659886 31.92979898 39.40659886 0 P 0
L 26.26279736 40.7226008 26.26279736 41.5225992 0 P 0
L 26.26279736 40.7226008 27.86279924 40.7226008 0 P 0
L 26.26279736 41.5225992 27.86279924 41.5225992 0 P 0
L 26.6627991 40.7226008 26.6627991 41.5225992 0 P 0
L 27.4627975 40.7226008 27.4627975 41.5225992 0 P 0
L 27.86279924 40.7226008 27.86279924 41.5225992 0 P 0
L 28.7519999 94.8500008 28.7519999 95.6499992 0 P 0
L 28.7519999 94.8500008 30.35200178 94.8500008 0 P 0
L 28.7519999 95.6499992 30.35200178 95.6499992 0 P 0
L 29.15200164 94.8500008 29.15200164 95.6499992 0 P 0
L 29.95200004 94.8500008 29.95200004 95.6499992 0 P 0
L 30.2578008 45.3381999 30.2578008 46.93820178 0 P 0
L 30.2578008 45.3381999 31.0577992 45.3381999 0 P 0
L 30.2578008 45.73820164 31.0577992 45.73820164 0 P 0
L 30.2578008 46.53820004 31.0577992 46.53820004 0 P 0
L 30.2578008 46.93820178 31.0577992 46.93820178 0 P 0
L 30.2578008 48.81799736 30.2578008 50.41799924 0 P 0
L 30.2578008 48.81799736 31.0577992 48.81799736 0 P 0
L 30.2578008 49.2179991 31.0577992 49.2179991 0 P 0
L 30.2578008 50.0179975 31.0577992 50.0179975 0 P 0
L 30.2578008 50.41799924 31.0577992 50.41799924 0 P 0
L 30.35200178 94.8500008 30.35200178 95.6499992 0 P 0
L 31.0577992 45.3381999 31.0577992 46.93820178 0 P 0
L 31.0577992 48.81799736 31.0577992 50.41799924 0 P 0
L 31.92979898 35.70660118 31.92979898 39.40659886 0 P 0
L 31.92979898 36.80659898 33.67980056 36.80659898 0 P 0
L 31.92979898 38.30660106 33.67980056 38.30660106 0 P 0
L 32.3152008 44.80660076 32.3152008 46.40660264 0 P 0
L 32.3152008 44.80660076 33.1151992 44.80660076 0 P 0
L 32.3152008 45.2066025 33.1151992 45.2066025 0 P 0
L 32.3152008 46.0066009 33.1151992 46.0066009 0 P 0
L 32.3152008 46.40660264 33.1151992 46.40660264 0 P 0
L 32.7216008 50.52160076 32.7216008 52.12160264 0 P 0
L 32.7216008 50.52160076 33.5215992 50.52160076 0 P 0
L 32.7216008 50.9216025 33.5215992 50.9216025 0 P 0
L 32.7216008 51.7216009 33.5215992 51.7216009 0 P 0
L 32.7216008 52.12160264 33.5215992 52.12160264 0 P 0
L 33.1151992 44.80660076 33.1151992 46.40660264 0 P 0
L 33.5215992 50.52160076 33.5215992 52.12160264 0 P 0
L 33.67980056 36.80659898 33.67980056 38.30660106 0 P 0
L 35.2035999 53.2956008 35.2035999 54.0955992 0 P 0
L 35.2035999 53.2956008 36.80360178 53.2956008 0 P 0
L 35.2035999 54.0955992 36.80360178 54.0955992 0 P 0
L 35.28160076 55.3276008 35.28160076 56.1275992 0 P 0
L 35.28160076 55.3276008 36.88160264 55.3276008 0 P 0
L 35.28160076 56.1275992 36.88160264 56.1275992 0 P 0
L 35.60360164 53.2956008 35.60360164 54.0955992 0 P 0
L 35.6816025 55.3276008 35.6816025 56.1275992 0 P 0
L 35.68800076 94.8500008 35.68800076 95.6499992 0 P 0
L 35.68800076 94.8500008 37.28800264 94.8500008 0 P 0
L 35.68800076 95.6499992 37.28800264 95.6499992 0 P 0
L 35.91619944 31.24399898 35.91619944 32.74400106 0 P 0
L 35.91619944 31.24399898 37.66620102 31.24399898 0 P 0
L 35.91619944 32.74400106 37.66620102 32.74400106 0 P 0
L 36.0880025 94.8500008 36.0880025 95.6499992 0 P 0
L 36.40360004 53.2956008 36.40360004 54.0955992 0 P 0
L 36.4816009 55.3276008 36.4816009 56.1275992 0 P 0
L 36.80360178 53.2956008 36.80360178 54.0955992 0 P 0
L 36.88160264 55.3276008 36.88160264 56.1275992 0 P 0
L 36.8880009 94.8500008 36.8880009 95.6499992 0 P 0
L 37.28800264 94.8500008 37.28800264 95.6499992 0 P 0
L 37.66620102 30.14400118 37.66620102 33.84399886 0 P 0
L 37.66620102 30.14400118 43.76619898 30.14400118 0 P 0
L 37.66620102 33.84399886 43.76619898 33.84399886 0 P 0
L 37.97399822 34.6266008 37.97399822 35.4265992 0 P 0
L 37.97399822 34.6266008 39.5740001 34.6266008 0 P 0
L 37.97399822 35.4265992 39.5740001 35.4265992 0 P 0
L 38.37399996 34.6266008 38.37399996 35.4265992 0 P 0
L 39.17399836 34.6266008 39.17399836 35.4265992 0 P 0
L 39.5740001 34.6266008 39.5740001 35.4265992 0 P 0
L 42.18859736 40.7226008 42.18859736 41.5225992 0 P 0
L 42.18859736 40.7226008 43.78859924 40.7226008 0 P 0
L 42.18859736 41.5225992 43.78859924 41.5225992 0 P 0
L 42.5885991 40.7226008 42.5885991 41.5225992 0 P 0
L 43.05400076 94.7230008 43.05400076 95.5229992 0 P 0
L 43.05400076 94.7230008 44.65400264 94.7230008 0 P 0
L 43.05400076 95.5229992 44.65400264 95.5229992 0 P 0
L 43.3885975 40.7226008 43.3885975 41.5225992 0 P 0
L 43.4540025 94.7230008 43.4540025 95.5229992 0 P 0
L 43.76619898 30.14400118 43.76619898 33.84399886 0 P 0
L 43.76619898 31.24399898 45.51620056 31.24399898 0 P 0
L 43.76619898 32.74400106 45.51620056 32.74400106 0 P 0
L 43.78859924 40.7226008 43.78859924 41.5225992 0 P 0
L 44.2540009 94.7230008 44.2540009 95.5229992 0 P 0
L 44.65400264 94.7230008 44.65400264 95.5229992 0 P 0
L 45.51620056 31.24399898 45.51620056 32.74400106 0 P 0
L 48.41699994 38.66259984 48.41699994 51.36259984 0 P 0
L 48.41699994 38.66259984 54.51299994 38.66259984 0 P 0
L 48.41699994 40.35260154 49.21300038 40.35260154 0 P 0
L 48.41699994 41.85260362 49.21300038 41.85260362 0 P 0
L 48.41699994 42.89260154 49.21300038 42.89260154 0 P 0
L 48.41699994 44.39260362 49.21300038 44.39260362 0 P 0
L 48.41699994 46.93260362 49.21300038 46.93260362 0 P 0
L 48.41699994 51.36259984 54.51299994 51.36259984 0 P 0
L 48.42699992 45.43260154 49.21300038 45.43260154 0 P 0
L 48.42699992 47.97260154 49.21300038 47.97260154 0 P 0
L 48.4369999 49.47260362 49.21300038 49.47260362 0 P 0
L 49.21300038 40.35260154 49.21300038 41.85260362 0 P 0
L 49.21300038 42.89260154 49.21300038 44.39260362 0 P 0
L 49.21300038 45.43260154 49.21300038 46.93260362 0 P 0
L 49.21300038 47.97260154 49.21300038 49.47260362 0 P 0
L 50.5270008 41.04272716 51.32674266 41.04272716 0 P 0 ;0,1=3,2=270.000000
L 50.5270008 43.54272724 50.5270008 43.80930786 0 P 0 ;0,1=2,2=270.000000
L 50.5270008 43.80930786 50.66029238 43.94259944 0 P 0 ;0,1=2,2=270.000000
L 50.5270008 46.00943808 50.5270008 46.54259932 0 P 0 ;0,1=1,2=270.000000
L 50.5270008 46.54259932 51.06016204 46.00943808 0 P 0 ;0,1=1,2=270.000000
L 50.5270008 48.67601898 50.5270008 48.80930802 0 P 0 ;0,1=0,2=270.000000
L 50.5270008 48.80930802 51.32674266 48.80930802 0 P 0 ;0,1=0,2=270.000000
L 50.5270008 48.9425996 50.5270008 48.67601898 0 P 0 ;0,1=0,2=270.000000
L 50.66029238 43.4094382 50.5270008 43.54272724 0 P 0 ;0,1=2,2=270.000000
L 50.79358142 43.4094382 50.66029238 43.4094382 0 P 0 ;0,1=2,2=270.000000
L 50.926873 41.44259936 50.926873 40.90943812 0 P 0 ;0,1=3,2=270.000000
L 50.926873 43.54272724 50.79358142 43.4094382 0 P 0 ;0,1=2,2=270.000000
L 50.926873 43.54272724 50.926873 43.67601882 0 P 0 ;0,1=2,2=270.000000
L 50.926873 43.67601882 50.926873 43.54272724 0 P 0 ;0,1=2,2=270.000000
L 51.06016204 43.4094382 50.926873 43.54272724 0 P 0 ;0,1=2,2=270.000000
L 51.06016204 46.00943808 51.19345362 46.00943808 0 P 0 ;0,1=1,2=270.000000
L 51.19345362 43.4094382 51.06016204 43.4094382 0 P 0 ;0,1=2,2=270.000000
L 51.19345362 43.94259944 51.32674266 43.80930786 0 P 0 ;0,1=2,2=270.000000
L 51.19345362 46.00943808 51.32674266 46.14272712 0 P 0 ;0,1=1,2=270.000000
L 51.32674266 41.04272716 50.926873 41.44259936 0 P 0 ;0,1=3,2=270.000000
L 51.32674266 43.54272724 51.19345362 43.4094382 0 P 0 ;0,1=2,2=270.000000
L 51.32674266 43.80930786 51.32674266 43.54272724 0 P 0 ;0,1=2,2=270.000000
L 51.32674266 46.14272712 51.32674266 46.40930774 0 P 0 ;0,1=1,2=270.000000
L 51.32674266 46.40930774 51.19345362 46.54259932 0 P 0 ;0,1=1,2=270.000000
L 51.32674266 48.80930802 51.19345362 48.9425996 0 P 0 ;0,1=0,2=270.000000
L 54.51299994 38.66259984 54.51299994 51.36259984 0 P 0
L 55.7086008 30.1489999 55.7086008 31.74900178 0 P 0
L 55.7086008 30.1489999 56.5085992 30.1489999 0 P 0
L 55.7086008 30.54900164 56.5085992 30.54900164 0 P 0
L 55.7086008 31.34900004 56.5085992 31.34900004 0 P 0
L 55.7086008 31.74900178 56.5085992 31.74900178 0 P 0
L 55.7086008 33.78299822 55.7086008 35.3830001 0 P 0
L 55.7086008 33.78299822 56.5085992 33.78299822 0 P 0
L 55.7086008 34.18299996 56.5085992 34.18299996 0 P 0
L 55.7086008 34.98299836 56.5085992 34.98299836 0 P 0
L 55.7086008 35.3830001 56.5085992 35.3830001 0 P 0
L 56.5085992 30.1489999 56.5085992 31.74900178 0 P 0
L 56.5085992 33.78299822 56.5085992 35.3830001 0 P 0
L 56.69199736 94.8500008 56.69199736 95.6499992 0 P 0
L 56.69199736 94.8500008 58.29199924 94.8500008 0 P 0
L 56.69199736 95.6499992 58.29199924 95.6499992 0 P 0
L 57.0919991 94.8500008 57.0919991 95.6499992 0 P 0
L 57.6644008 35.66079736 57.6644008 37.26079924 0 P 0
L 57.6644008 35.66079736 58.4643992 35.66079736 0 P 0
L 57.6644008 36.0607991 58.4643992 36.0607991 0 P 0
L 57.6644008 36.8607975 58.4643992 36.8607975 0 P 0
L 57.6644008 37.26079924 58.4643992 37.26079924 0 P 0
L 57.7152008 28.67399904 57.7152008 30.27400092 0 P 0
L 57.7152008 28.67399904 58.5151992 28.67399904 0 P 0
L 57.7152008 29.07400078 58.5151992 29.07400078 0 P 0
L 57.7152008 29.87399918 58.5151992 29.87399918 0 P 0
L 57.7152008 30.27400092 58.5151992 30.27400092 0 P 0
L 57.8919975 94.8500008 57.8919975 95.6499992 0 P 0
L 58.29199924 94.8500008 58.29199924 95.6499992 0 P 0
L 58.4643992 35.66079736 58.4643992 37.26079924 0 P 0
L 58.5151992 28.67399904 58.5151992 30.27400092 0 P 0
L 62.40880076 38.4620008 62.40880076 39.2619992 0 P 0
L 62.40880076 38.4620008 64.00880264 38.4620008 0 P 0
L 62.40880076 39.2619992 64.00880264 39.2619992 0 P 0
L 62.8088025 38.4620008 62.8088025 39.2619992 0 P 0
L 63.6088009 38.4620008 63.6088009 39.2619992 0 P 0
L 64.00880264 38.4620008 64.00880264 39.2619992 0 P 0
L 64.26299822 94.5960008 64.26299822 95.3959992 0 P 0
L 64.26299822 94.5960008 65.8630001 94.5960008 0 P 0
L 64.26299822 95.3959992 65.8630001 95.3959992 0 P 0
L 64.66299996 94.5960008 64.66299996 95.3959992 0 P 0
L 65.46299836 94.5960008 65.46299836 95.3959992 0 P 0
L 65.8630001 94.5960008 65.8630001 95.3959992 0 P 0
L 68.68079736 25.7620008 68.68079736 26.5619992 0 P 0
L 68.68079736 25.7620008 70.28079924 25.7620008 0 P 0
L 68.68079736 26.5619992 70.28079924 26.5619992 0 P 0
L 69.0807991 25.7620008 69.0807991 26.5619992 0 P 0
L 69.8807975 25.7620008 69.8807975 26.5619992 0 P 0
L 70.28079924 25.7620008 70.28079924 26.5619992 0 P 0
L 72.26399822 94.5960008 72.26399822 95.3959992 0 P 0
L 72.26399822 94.5960008 73.8640001 94.5960008 0 P 0
L 72.26399822 95.3959992 73.8640001 95.3959992 0 P 0
L 72.66399996 94.5960008 72.66399996 95.3959992 0 P 0
L 73.46399836 94.5960008 73.46399836 95.3959992 0 P 0
L 73.8640001 94.5960008 73.8640001 95.3959992 0 P 0
L 77.37299994 23.70199984 77.37299994 36.40199984 0 P 0
L 77.37299994 23.70199984 83.46899994 23.70199984 0 P 0
L 77.37299994 25.39200154 78.16900038 25.39200154 0 P 0
L 77.37299994 26.89200362 78.16900038 26.89200362 0 P 0
L 77.37299994 27.93200154 78.16900038 27.93200154 0 P 0
L 77.37299994 29.43200362 78.16900038 29.43200362 0 P 0
L 77.37299994 31.97200362 78.16900038 31.97200362 0 P 0
L 77.37299994 36.40199984 83.46899994 36.40199984 0 P 0
L 77.38299992 30.47200154 78.16900038 30.47200154 0 P 0
L 77.38299992 33.01200154 78.16900038 33.01200154 0 P 0
L 77.3929999 34.51200362 78.16900038 34.51200362 0 P 0
L 78.16900038 25.39200154 78.16900038 26.89200362 0 P 0
L 78.16900038 27.93200154 78.16900038 29.43200362 0 P 0
L 78.16900038 30.47200154 78.16900038 31.97200362 0 P 0
L 78.16900038 33.01200154 78.16900038 34.51200362 0 P 0
L 79.4830008 26.08212716 80.28274266 26.08212716 0 P 0 ;0,1=3,2=270.000000
L 79.4830008 28.58212724 79.4830008 28.84870786 0 P 0 ;0,1=2,2=270.000000
L 79.4830008 28.84870786 79.61629238 28.98199944 0 P 0 ;0,1=2,2=270.000000
L 79.4830008 31.04883808 79.4830008 31.58199932 0 P 0 ;0,1=1,2=270.000000
L 79.4830008 31.58199932 80.01616204 31.04883808 0 P 0 ;0,1=1,2=270.000000
L 79.4830008 33.71541898 79.4830008 33.84870802 0 P 0 ;0,1=0,2=270.000000
L 79.4830008 33.84870802 80.28274266 33.84870802 0 P 0 ;0,1=0,2=270.000000
L 79.4830008 33.9819996 79.4830008 33.71541898 0 P 0 ;0,1=0,2=270.000000
L 79.50299822 94.5960008 79.50299822 95.3959992 0 P 0
L 79.50299822 94.5960008 81.1030001 94.5960008 0 P 0
L 79.50299822 95.3959992 81.1030001 95.3959992 0 P 0
L 79.61629238 28.4488382 79.4830008 28.58212724 0 P 0 ;0,1=2,2=270.000000
L 79.74958142 28.4488382 79.61629238 28.4488382 0 P 0 ;0,1=2,2=270.000000
L 79.882873 26.48199936 79.882873 25.94883812 0 P 0 ;0,1=3,2=270.000000
L 79.882873 28.58212724 79.74958142 28.4488382 0 P 0 ;0,1=2,2=270.000000
L 79.882873 28.58212724 79.882873 28.71541882 0 P 0 ;0,1=2,2=270.000000
L 79.882873 28.71541882 79.882873 28.58212724 0 P 0 ;0,1=2,2=270.000000
L 79.90299996 94.5960008 79.90299996 95.3959992 0 P 0
L 80.01616204 28.4488382 79.882873 28.58212724 0 P 0 ;0,1=2,2=270.000000
L 80.01616204 31.04883808 80.14945362 31.04883808 0 P 0 ;0,1=1,2=270.000000
L 80.14945362 28.4488382 80.01616204 28.4488382 0 P 0 ;0,1=2,2=270.000000
L 80.14945362 28.98199944 80.28274266 28.84870786 0 P 0 ;0,1=2,2=270.000000
L 80.14945362 31.04883808 80.28274266 31.18212712 0 P 0 ;0,1=1,2=270.000000
L 80.28274266 26.08212716 79.882873 26.48199936 0 P 0 ;0,1=3,2=270.000000
L 80.28274266 28.58212724 80.14945362 28.4488382 0 P 0 ;0,1=2,2=270.000000
L 80.28274266 28.84870786 80.28274266 28.58212724 0 P 0 ;0,1=2,2=270.000000
L 80.28274266 31.18212712 80.28274266 31.44870774 0 P 0 ;0,1=1,2=270.000000
L 80.28274266 31.44870774 80.14945362 31.58199932 0 P 0 ;0,1=1,2=270.000000
L 80.28274266 33.84870802 80.14945362 33.9819996 0 P 0 ;0,1=0,2=270.000000
L 80.70299836 94.5960008 80.70299836 95.3959992 0 P 0
L 81.1030001 94.5960008 81.1030001 95.3959992 0 P 0
L 83.46899994 23.70199984 83.46899994 36.40199984 0 P 0
