UNITS=MM
#Layer_Color=9474304
#
#Feature symbol names
#
$0 r127

#
#Feature attribute names
#

#
#Layer features
#
L 1.8320004 4.699 2.2319996 4.699 0 P 0
L 1.8542 20.32 2.7178 20.32 0 P 0
L 1.8542 27.94 2.7178 27.94 0 P 0
L 2.032 4.4990004 2.032 4.8989996 0 P 0
L 2.286 19.8882 2.286 20.7518 0 P 0
L 2.286 27.5082 2.286 28.3718 0 P 0
L 3.29747626 11.14192082 3.69747546 11.14192082 0 P 0
L 3.49747586 10.94192122 3.49747586 11.34192042 0 P 0
L 4.17160456 10.05221002 4.57160376 10.05221002 0 P 0
L 4.37160416 9.85221042 4.37160416 10.25220962 0 P 0
L 4.3942 20.32 5.2578 20.32 0 P 0
L 4.3942 27.94 5.2578 27.94 0 P 0
L 4.4736004 9.0424 4.8735996 9.0424 0 P 0
L 4.6736 8.8424004 4.6736 9.2423996 0 P 0
L 4.826 19.8882 4.826 20.7518 0 P 0
L 4.826 27.5082 4.826 28.3718 0 P 0
L 6.9342 20.32 7.7978 20.32 0 P 0
L 6.9342 27.94 7.7978 27.94 0 P 0
L 6.9970015 3.048 8.4969985 3.048 0 P 0
L 7.366 19.8882 7.366 20.7518 0 P 0
L 7.366 27.5082 7.366 28.3718 0 P 0
L 7.747 2.2980015 7.747 3.7979985 0 P 0
L 8.8678004 11.1506 9.2677996 11.1506 0 P 0
L 9.0678 10.9506004 9.0678 11.3505996 0 P 0
L 9.4742 20.32 10.3378 20.32 0 P 0
L 9.4742 27.94 10.3378 27.94 0 P 0
L 9.7060004 9.9568 10.1059996 9.9568 0 P 0
L 9.7314004 8.89 10.1313996 8.89 0 P 0
L 9.906 9.7568004 9.906 10.1567996 0 P 0
L 9.906 19.8882 9.906 20.7518 0 P 0
L 9.906 27.5082 9.906 28.3718 0 P 0
L 9.9314 8.6900004 9.9314 9.0899996 0 P 0
L 9.9600004 7.0104 10.3599996 7.0104 0 P 0
L 9.9695 92.837 10.8585 92.837 0 P 0
L 9.9695 97.917 10.8585 97.917 0 P 0
L 10.16 6.8104004 10.16 7.2103996 0 P 0
L 10.23228586 86.6464739 11.53228326 86.6464739 0 P 0
L 10.414 92.3925 10.414 93.2815 0 P 0
L 10.414 97.4725 10.414 98.3615 0 P 0
L 10.8070015 3.048 12.3069985 3.048 0 P 0
L 10.88228456 85.9964752 10.88228456 87.2964726 0 P 0
L 11.557 2.2980015 11.557 3.7979985 0 P 0
L 11.7126004 18.7452 12.1125996 18.7452 0 P 0
L 11.9126 18.5452004 11.9126 18.9451996 0 P 0
L 12.0682004 22.5806 12.4681996 22.5806 0 P 0
L 12.09999866 20.6756 12.49999786 20.6756 0 P 0
L 12.1190004 9.652 12.5189996 9.652 0 P 0
L 12.2682 22.3806004 12.2682 22.7805996 0 P 0
L 12.29999826 20.4756004 12.29999826 20.8755996 0 P 0
L 12.319 9.4520004 12.319 9.8519996 0 P 0
L 12.77228586 86.6464739 14.07228326 86.6464739 0 P 0
L 12.9318004 10.49899094 13.3317996 10.49899094 0 P 0
L 13.1318 10.29899134 13.1318 10.69899054 0 P 0
L 13.42228456 85.9964752 13.42228456 87.2964726 0 P 0
L 13.92879866 20.41562084 14.32879786 20.41562084 0 P 0
L 14.12879826 20.21562124 14.12879826 20.61562044 0 P 0
L 14.8114004 9.0424 15.2113996 9.0424 0 P 0
L 15.0114 8.8424004 15.0114 9.2423996 0 P 0
L 15.0495 95.377 15.9385 95.377 0 P 0
L 15.31228586 86.6464739 16.61228326 86.6464739 0 P 0
L 15.494 94.9325 15.494 95.8215 0 P 0
L 15.8528004 23.48860174 16.2527996 23.48860174 0 P 0
L 15.96228456 85.9964752 15.96228456 87.2964726 0 P 0
L 16.0528 23.28860214 16.0528 23.68860134 0 P 0
L 16.3354004 18.8214 16.7353996 18.8214 0 P 0
L 16.48790962 11.6586 16.88790882 11.6586 0 P 0
L 16.5354 18.6214004 16.5354 19.0213996 0 P 0
L 16.68790922 11.4586004 16.68790922 11.8585996 0 P 0
L 17.85228586 86.6464739 19.15228326 86.6464739 0 P 0
L 18.50228456 85.9964752 18.50228456 87.2964726 0 P 0
L 18.8754004 10.541 19.2753996 10.541 0 P 0
L 19.0754 10.3410004 19.0754 10.7409996 0 P 0
L 19.7739 90.8558 20.5613 90.8558 0 P 0
L 19.7739 97.7392 20.5613 97.7392 0 P 0
L 20.1676 90.4621 20.1676 91.2495 0 P 0
L 20.1676 97.3455 20.1676 98.1329 0 P 0
L 20.3232004 8.9916 20.7231996 8.9916 0 P 0
L 20.39228586 86.6464739 21.69228326 86.6464739 0 P 0
L 20.4502004 7.5946 20.8501996 7.5946 0 P 0
L 20.5010004 10.1092 20.9009996 10.1092 0 P 0
L 20.5232 8.7916004 20.5232 9.1915996 0 P 0
L 20.6502 7.3946004 20.6502 7.7945996 0 P 0
L 20.701 9.9092004 20.701 10.3091996 0 P 0
L 21.04228456 85.9964752 21.04228456 87.2964726 0 P 0
L 22.30753476 6.83006254 22.70753396 6.83006254 0 P 0
L 22.50753436 6.63006294 22.50753436 7.03006214 0 P 0
L 22.93228586 86.6464739 24.23228326 86.6464739 0 P 0
L 23.58228456 85.9964752 23.58228456 87.2964726 0 P 0
L 23.9554004 92.837 24.3553996 92.837 0 P 0
L 24.1554 92.6370004 24.1554 93.0369996 0 P 0
L 24.3332 21.59 25.1968 21.59 0 P 0
L 24.3332 29.21 25.1968 29.21 0 P 0
L 24.5491 90.8558 25.3365 90.8558 0 P 0
L 24.5491 97.7392 25.3365 97.7392 0 P 0
L 24.765 21.1582 24.765 22.0218 0 P 0
L 24.765 28.7782 24.765 29.6418 0 P 0
L 24.9428 90.4621 24.9428 91.2495 0 P 0
L 24.9428 97.3455 24.9428 98.1329 0 P 0
L 25.2508004 10.4394 25.6507996 10.4394 0 P 0
L 25.4508 10.2394004 25.4508 10.6393996 0 P 0
L 25.47228586 86.6464739 26.77228326 86.6464739 0 P 0
L 26.12228456 85.9964752 26.12228456 87.2964726 0 P 0
L 26.4446004 9.017 26.8445996 9.017 0 P 0
L 26.4700004 10.1092 26.8699996 10.1092 0 P 0
L 26.6446 8.8170004 26.6446 9.2169996 0 P 0
L 26.67 9.9092004 26.67 10.3091996 0 P 0
L 26.8732 21.59 27.7368 21.59 0 P 0
L 26.8732 29.21 27.7368 29.21 0 P 0
L 26.8859 90.8558 27.6733 90.8558 0 P 0
L 26.8859 97.7392 27.6733 97.7392 0 P 0
L 26.9360015 3.048 28.4359985 3.048 0 P 0
L 27.2796 90.4621 27.2796 91.2495 0 P 0
L 27.2796 97.3455 27.2796 98.1329 0 P 0
L 27.305 21.1582 27.305 22.0218 0 P 0
L 27.305 28.7782 27.305 29.6418 0 P 0
L 27.686 2.2980015 27.686 3.7979985 0 P 0
L 28.01228586 86.6464739 29.31228326 86.6464739 0 P 0
L 28.66228456 85.9964752 28.66228456 87.2964726 0 P 0
L 29.4132 21.59 30.2768 21.59 0 P 0
L 29.4132 29.21 30.2768 29.21 0 P 0
L 29.845 21.1582 29.845 22.0218 0 P 0
L 29.845 28.7782 29.845 29.6418 0 P 0
L 30.20410012 14.55378344 30.60409932 14.55378344 0 P 0
L 30.2292004 13.28659776 30.6291996 13.28659776 0 P 0
L 30.40409972 14.35378384 30.40409972 14.75378304 0 P 0
L 30.4292 13.08659816 30.4292 13.48659736 0 P 0
L 30.55228586 86.6464739 31.85228326 86.6464739 0 P 0
L 30.7460015 3.048 32.2459985 3.048 0 P 0
L 30.8388004 92.71 31.2387996 92.71 0 P 0
L 31.0388 92.5100004 31.0388 92.9099996 0 P 0
L 31.1944004 10.3886 31.5943996 10.3886 0 P 0
L 31.20228456 85.9964752 31.20228456 87.2964726 0 P 0
L 31.3944 10.1886004 31.3944 10.5885996 0 P 0
L 31.496 2.2980015 31.496 3.7979985 0 P 0
L 31.4992004 13.208 31.8991996 13.208 0 P 0
L 31.5500004 14.605 31.9499996 14.605 0 P 0
L 31.6611 90.8558 32.4485 90.8558 0 P 0
L 31.6611 97.7392 32.4485 97.7392 0 P 0
L 31.6992 13.0080004 31.6992 13.4079996 0 P 0
L 31.75 14.4050004 31.75 14.8049996 0 P 0
L 31.8788161 9.58704204 32.2788153 9.58704204 0 P 0
L 31.9310004 41.148 32.3309996 41.148 0 P 0
L 31.9532 21.59 32.8168 21.59 0 P 0
L 31.9532 29.21 32.8168 29.21 0 P 0
L 31.9818004 7.6708 32.3817996 7.6708 0 P 0
L 31.9818004 44.704 32.3817996 44.704 0 P 0
L 32.0548 90.4621 32.0548 91.2495 0 P 0
L 32.0548 97.3455 32.0548 98.1329 0 P 0
L 32.0788157 9.38704244 32.0788157 9.78704164 0 P 0
L 32.131 40.9480004 32.131 41.3479996 0 P 0
L 32.1818 7.4708004 32.1818 7.8707996 0 P 0
L 32.1818 44.5040004 32.1818 44.9039996 0 P 0
L 32.3120004 50.4444 32.7119996 50.4444 0 P 0
L 32.385 21.1582 32.385 22.0218 0 P 0
L 32.385 28.7782 32.385 29.6418 0 P 0
L 32.512 50.2444004 32.512 50.6443996 0 P 0
L 32.7184004 8.5344 33.1183996 8.5344 0 P 0
L 32.9184 8.3344004 32.9184 8.7343996 0 P 0
L 32.9216004 14.5542 33.3215996 14.5542 0 P 0
L 32.9470004 13.1572 33.3469996 13.1572 0 P 0
L 33.09228586 86.6464739 34.39228326 86.6464739 0 P 0
L 33.1216 14.3542004 33.1216 14.7541996 0 P 0
L 33.147 12.9572004 33.147 13.3571996 0 P 0
L 33.74228456 85.9964752 33.74228456 87.2964726 0 P 0
L 33.8868004 43.18 34.2867996 43.18 0 P 0
L 33.89787988 46.73739192 34.29787908 46.73739192 0 P 0
L 33.9979 90.8558 34.7853 90.8558 0 P 0
L 33.9979 97.7392 34.7853 97.7392 0 P 0
L 34.0868 42.9800004 34.0868 43.3799996 0 P 0
L 34.0900004 16.7132 34.4899996 16.7132 0 P 0
L 34.09787948 46.53739232 34.09787948 46.93739152 0 P 0
L 34.29 16.5132004 34.29 16.9131996 0 P 0
L 34.3916 90.4621 34.3916 91.2495 0 P 0
L 34.3916 97.3455 34.3916 98.1329 0 P 0
L 34.4964004 53.594 34.8963996 53.594 0 P 0
L 34.6964 53.3940004 34.6964 53.7939996 0 P 0
L 34.9282004 14.5542 35.3281996 14.5542 0 P 0
L 35.0552004 39.1414 35.4551996 39.1414 0 P 0
L 35.0806004 10.16 35.4805996 10.16 0 P 0
L 35.1282 14.3542004 35.1282 14.7541996 0 P 0
L 35.1314004 8.9154 35.5313996 8.9154 0 P 0
L 35.2552 38.9414004 35.2552 39.3413996 0 P 0
L 35.2806 9.9600004 35.2806 10.3599996 0 P 0
L 35.3314 8.7154004 35.3314 9.1153996 0 P 0
L 35.63228586 86.6464739 36.93228326 86.6464739 0 P 0
L 36.14584846 73.93784806 36.54584766 73.93784806 0 P 0
L 36.2490004 38.0238 36.6489996 38.0238 0 P 0
L 36.28228456 85.9964752 36.28228456 87.2964726 0 P 0
L 36.34584806 73.73784846 36.34584806 74.13784766 0 P 0
L 36.3506004 39.3192 36.7505996 39.3192 0 P 0
L 36.449 37.8238004 36.449 38.2237996 0 P 0
L 36.5506 39.1192004 36.5506 39.5191996 0 P 0
L 36.86052064 10.92286106 37.26051984 10.92286106 0 P 0
L 37.06052024 10.72286146 37.06052024 11.12286066 0 P 0
L 37.3666004 36.8554 37.7665996 36.8554 0 P 0
L 37.4428004 38.1 37.8427996 38.1 0 P 0
L 37.5666 36.6554004 37.5666 37.0553996 0 P 0
L 37.6428 37.9000004 37.6428 38.2999996 0 P 0
L 37.6714004 22.606 38.0713996 22.606 0 P 0
L 37.76656404 71.85016364 38.16656324 71.85016364 0 P 0
L 37.8714 22.4060004 37.8714 22.8059996 0 P 0
L 37.9254004 92.7862 38.3253996 92.7862 0 P 0
L 37.96656364 71.65016404 37.96656364 72.05016324 0 P 0
L 38.1254 92.5862004 38.1254 92.9861996 0 P 0
L 38.17228586 86.6464739 39.47228326 86.6464739 0 P 0
L 38.5096004 18.5166 38.9095996 18.5166 0 P 0
L 38.5858004 13.843 38.9857996 13.843 0 P 0
L 38.5858004 36.9062 38.9857996 36.9062 0 P 0
L 38.7096 18.3166004 38.7096 18.7165996 0 P 0
L 38.7731 90.8558 39.5605 90.8558 0 P 0
L 38.7731 97.7392 39.5605 97.7392 0 P 0
L 38.7858 13.6430004 38.7858 14.0429996 0 P 0
L 38.7858 36.7062004 38.7858 37.1061996 0 P 0
L 38.82228456 85.9964752 38.82228456 87.2964726 0 P 0
L 39.1668 90.4621 39.1668 91.2495 0 P 0
L 39.1668 97.3455 39.1668 98.1329 0 P 0
L 39.6526004 19.3548 40.0525996 19.3548 0 P 0
L 39.8526 19.1548004 39.8526 19.5547996 0 P 0
L 40.71228586 86.6464739 42.01228326 86.6464739 0 P 0
L 41.2369 90.8558 42.0243 90.8558 0 P 0
L 41.2369 97.7392 42.0243 97.7392 0 P 0
L 41.36228456 85.9964752 41.36228456 87.2964726 0 P 0
L 41.6306 90.4621 41.6306 91.2495 0 P 0
L 41.6306 97.3455 41.6306 98.1329 0 P 0
L 42.4974004 13.25240174 42.8973996 13.25240174 0 P 0
L 42.5990004 14.7574 42.9989996 14.7574 0 P 0
L 42.6974 13.05240214 42.6974 13.45240134 0 P 0
L 42.799 14.5574004 42.799 14.9573996 0 P 0
L 42.9546004 10.4394 43.3545996 10.4394 0 P 0
L 43.1070004 51.689 43.5069996 51.689 0 P 0
L 43.1546 10.2394004 43.1546 10.6393996 0 P 0
L 43.25228586 86.6464739 44.55228326 86.6464739 0 P 0
L 43.307 51.4890004 43.307 51.8889996 0 P 0
L 43.60420032 35.42300002 44.00419952 35.42300002 0 P 0
L 43.63859954 41.1226 44.03859874 41.1226 0 P 0
L 43.80419992 35.22300042 43.80419992 35.62299962 0 P 0
L 43.8182004 8.2296 44.2181996 8.2296 0 P 0
L 43.83859914 40.9226004 43.83859914 41.3225996 0 P 0
L 43.8690004 13.1064 44.2689996 13.1064 0 P 0
L 43.8944004 14.6812 44.2943996 14.6812 0 P 0
L 43.90228456 85.9964752 43.90228456 87.2964726 0 P 0
L 44.0182 8.0296004 44.0182 8.4295996 0 P 0
L 44.0214004 9.906 44.4213996 9.906 0 P 0
L 44.069 12.9064004 44.069 13.3063996 0 P 0
L 44.0944 14.4812004 44.0944 14.8811996 0 P 0
L 44.2214 9.7060004 44.2214 10.1059996 0 P 0
L 45.1898004 9.3726 45.5897996 9.3726 0 P 0
L 45.1898004 13.1064 45.5897996 13.1064 0 P 0
L 45.1898004 14.7066 45.5897996 14.7066 0 P 0
L 45.2914004 92.7862 45.6913996 92.7862 0 P 0
L 45.37360496 3.048 46.87360196 3.048 0 P 0
L 45.3898 9.1726004 45.3898 9.5725996 0 P 0
L 45.3898 12.9064004 45.3898 13.3063996 0 P 0
L 45.3898 14.5066004 45.3898 14.9065996 0 P 0
L 45.4914 92.5862004 45.4914 92.9861996 0 P 0
L 45.5708004 49.8602 45.9707996 49.8602 0 P 0
L 45.7708 49.6602004 45.7708 50.0601996 0 P 0
L 45.79228586 86.6464739 47.09228326 86.6464739 0 P 0
L 46.0121 90.8558 46.7995 90.8558 0 P 0
L 46.0121 97.7392 46.7995 97.7392 0 P 0
L 46.12360346 2.2980015 46.12360346 3.7979985 0 P 0
L 46.4058 90.4621 46.4058 91.2495 0 P 0
L 46.4058 97.3455 46.4058 98.1329 0 P 0
L 46.44228456 85.9964752 46.44228456 87.2964726 0 P 0
L 47.35055808 11.99333644 47.75055728 11.99333644 0 P 0
L 47.55055768 11.79333684 47.55055768 12.19333604 0 P 0
L 48.2378004 18.4404 48.6377996 18.4404 0 P 0
L 48.33228586 86.6464739 49.63228326 86.6464739 0 P 0
L 48.4378 18.2404004 48.4378 18.6403996 0 P 0
L 48.6950004 12.8778 49.0949996 12.8778 0 P 0
L 48.6950004 15.367 49.0949996 15.367 0 P 0
L 48.895 12.6778004 48.895 13.0777996 0 P 0
L 48.895 15.1670004 48.895 15.5669996 0 P 0
L 48.98228456 85.9964752 48.98228456 87.2964726 0 P 0
L 49.18360496 3.048 50.68360196 3.048 0 P 0
L 49.24279712 14.1986 49.64279632 14.1986 0 P 0
L 49.44279672 13.9986004 49.44279672 14.3985996 0 P 0
L 49.93360346 2.2980015 49.93360346 3.7979985 0 P 0
L 50.3270012 41.1226 51.5269988 41.1226 0 P 0
L 50.3270012 43.6626 51.5269988 43.6626 0 P 0
L 50.3270012 46.2026 51.5269988 46.2026 0 P 0
L 50.3270012 48.7426 51.5269988 48.7426 0 P 0
L 50.927 40.5226012 50.927 41.7225988 0 P 0
L 50.927 43.0626012 50.927 44.2625988 0 P 0
L 50.927 45.6026012 50.927 46.8025988 0 P 0
L 50.927 48.1426012 50.927 49.3425988 0 P 0
L 52.1494004 14.1986 52.5493996 14.1986 0 P 0
L 52.3494 13.9986004 52.3494 14.3985996 0 P 0
L 54.7751 90.8558 55.5625 90.8558 0 P 0
L 54.7751 97.7392 55.5625 97.7392 0 P 0
L 55.02560496 3.048 56.52560196 3.048 0 P 0
L 55.1688 90.4621 55.1688 91.2495 0 P 0
L 55.1688 97.3455 55.1688 98.1329 0 P 0
L 55.77560346 2.2980015 55.77560346 3.7979985 0 P 0
L 56.0864004 92.837 56.4863996 92.837 0 P 0
L 56.2864 92.6370004 56.2864 93.0369996 0 P 0
L 57.8898004 37.084 58.2897996 37.084 0 P 0
L 57.9406004 28.9306 58.3405996 28.9306 0 P 0
L 58.0898 36.8840004 58.0898 37.2839996 0 P 0
L 58.1184004 20.8026 58.5183996 20.8026 0 P 0
L 58.1406 28.7306004 58.1406 29.1305996 0 P 0
L 58.3184 20.6026004 58.3184 21.0025996 0 P 0
L 58.83560496 3.048 60.33560196 3.048 0 P 0
L 59.5503 90.8558 60.3377 90.8558 0 P 0
L 59.5503 97.7392 60.3377 97.7392 0 P 0
L 59.58560346 2.2980015 59.58560346 3.7979985 0 P 0
L 59.944 90.4621 59.944 91.2495 0 P 0
L 59.944 97.3455 59.944 98.1329 0 P 0
L 61.6998004 38.862 62.0997996 38.862 0 P 0
L 61.8998 38.6620004 61.8998 39.0619996 0 P 0
L 62.02172 61.54166 63.29172 61.54166 0 P 0
L 62.0268 53.9369 63.2968 53.9369 0 P 0
L 62.5221 90.8558 63.3095 90.8558 0 P 0
L 62.5221 97.7392 63.3095 97.7392 0 P 0
L 62.65672 60.90666 62.65672 62.17666 0 P 0
L 62.6618 53.3019 62.6618 54.5719 0 P 0
L 62.9158 90.4621 62.9158 91.2495 0 P 0
L 62.9158 97.3455 62.9158 98.1329 0 P 0
L 63.4270004 92.837 63.8269996 92.837 0 P 0
L 63.627 92.6370004 63.627 93.0369996 0 P 0
L 64.0200015 3.048 65.5199985 3.048 0 P 0
L 64.77 2.2980015 64.77 3.7979985 0 P 0
L 67.2973 90.8558 68.0847 90.8558 0 P 0
L 67.2973 97.7392 68.0847 97.7392 0 P 0
L 67.691 90.4621 67.691 91.2495 0 P 0
L 67.691 97.3455 67.691 98.1329 0 P 0
L 67.8300015 3.048 69.3299985 3.048 0 P 0
L 68.58 2.2980015 68.58 3.7979985 0 P 0
L 70.2183 90.8558 71.0057 90.8558 0 P 0
L 70.2183 97.7392 71.0057 97.7392 0 P 0
L 70.36698144 26.10670928 70.76698064 26.10670928 0 P 0
L 70.56698104 25.90670968 70.56698104 26.30670888 0 P 0
L 70.612 90.4621 70.612 91.2495 0 P 0
L 70.612 97.3455 70.612 98.1329 0 P 0
L 71.4788004 92.7862 71.8787996 92.7862 0 P 0
L 71.6788 92.5862004 71.6788 92.9861996 0 P 0
L 72.7234004 33.5026 73.1233996 33.5026 0 P 0
L 72.9234 33.3026004 72.9234 33.7025996 0 P 0
L 73.0370015 3.048 74.5369985 3.048 0 P 0
L 73.6092 65.4558 74.3204 65.4558 0 P 0
L 73.787 2.2980015 73.787 3.7979985 0 P 0
L 73.9648 65.1002 73.9648 65.8114 0 P 0
L 74.9935 90.8558 75.7809 90.8558 0 P 0
L 74.9935 97.7392 75.7809 97.7392 0 P 0
L 75.3142004 20.828 75.7141996 20.828 0 P 0
L 75.3872 90.4621 75.3872 91.2495 0 P 0
L 75.3872 97.3455 75.3872 98.1329 0 P 0
L 75.5142 20.6280004 75.5142 21.0279996 0 P 0
L 76.1492 65.4558 76.8604 65.4558 0 P 0
L 76.2032004 37.1602 76.6031996 37.1602 0 P 0
L 76.4032 36.9602004 76.4032 37.3601996 0 P 0
L 76.5048 65.1002 76.5048 65.8114 0 P 0
L 76.8470015 3.048 78.3469985 3.048 0 P 0
L 77.0414004 30.7848 77.4413996 30.7848 0 P 0
L 77.2414 30.5848004 77.2414 30.9847996 0 P 0
L 77.597 2.2980015 77.597 3.7979985 0 P 0
L 77.7113 90.8558 78.4987 90.8558 0 P 0
L 77.7113 97.7392 78.4987 97.7392 0 P 0
L 78.105 90.4621 78.105 91.2495 0 P 0
L 78.105 97.3455 78.105 98.1329 0 P 0
L 78.2408011 55.4228 79.3407989 55.4228 0 P 0
L 78.2408011 57.9628 79.3407989 57.9628 0 P 0
L 78.2408011 60.5028 79.3407989 60.5028 0 P 0
L 78.7432004 92.8116 79.1431996 92.8116 0 P 0
L 78.7908 54.8728011 78.7908 55.9727989 0 P 0
L 78.7908 57.4128011 78.7908 58.5127989 0 P 0
L 78.7908 59.9528011 78.7908 61.0527989 0 P 0
L 78.9432 92.6116004 78.9432 93.0115996 0 P 0
L 79.2830012 26.162 80.4829988 26.162 0 P 0
L 79.2830012 28.702 80.4829988 28.702 0 P 0
L 79.2830012 31.242 80.4829988 31.242 0 P 0
L 79.2830012 33.782 80.4829988 33.782 0 P 0
L 79.5560004 83.2866 79.9559996 83.2866 0 P 0
L 79.756 83.0866004 79.756 83.4865996 0 P 0
L 79.883 25.5620012 79.883 26.7619988 0 P 0
L 79.883 28.1020012 79.883 29.3019988 0 P 0
L 79.883 30.6420012 79.883 31.8419988 0 P 0
L 79.883 33.1820012 79.883 34.3819988 0 P 0
L 81.4356004 29.2608 81.8355996 29.2608 0 P 0
L 81.6356 29.0608004 81.6356 29.4607996 0 P 0
L 82.07660496 3.048 83.57660196 3.048 0 P 0
L 82.4865 90.8558 83.2739 90.8558 0 P 0
L 82.4865 97.7392 83.2739 97.7392 0 P 0
L 82.82660346 2.2980015 82.82660346 3.7979985 0 P 0
L 82.8802 90.4621 82.8802 91.2495 0 P 0
L 82.8802 97.3455 82.8802 98.1329 0 P 0
L 83.2136004 30.0482 83.6135996 30.0482 0 P 0
L 83.2390004 51.8414 83.6389996 51.8414 0 P 0
L 83.4136 29.8482004 83.4136 30.2481996 0 P 0
L 83.439 51.6414004 83.439 52.0413996 0 P 0
L 84.2804004 32.258 84.6803996 32.258 0 P 0
L 84.4804 32.0580004 84.4804 32.4579996 0 P 0
L 84.8138004 27.4066 85.2137996 27.4066 0 P 0
L 85.0138 27.2066004 85.0138 27.6065996 0 P 0
L 85.4996004 42.6212 85.8995996 42.6212 0 P 0
L 85.6996 42.4212004 85.6996 42.8211996 0 P 0
L 85.7028004 31.242 86.1027996 31.242 0 P 0
L 85.88660496 3.048 87.38660196 3.048 0 P 0
L 85.9028 31.0420004 85.9028 31.4419996 0 P 0
L 86.4426008 12.065 87.2425992 12.065 0 P 0
L 86.4426008 14.605 87.2425992 14.605 0 P 0
L 86.4426008 16.637 87.2425992 16.637 0 P 0
L 86.4426008 19.177 87.2425992 19.177 0 P 0
L 86.63660346 2.2980015 86.63660346 3.7979985 0 P 0
L 86.8426 11.6650008 86.8426 12.4649992 0 P 0
L 86.8426 14.2050008 86.8426 15.0049992 0 P 0
L 86.8426 16.2370008 86.8426 17.0369992 0 P 0
L 86.8426 18.7770008 86.8426 19.5769992 0 P 0
L 86.8458004 34.544 87.2457996 34.544 0 P 0
L 87.0458 34.3440004 87.0458 34.7439996 0 P 0
L 88.35460104 9.05100298 89.55459864 9.05100298 0 P 0
L 88.35460358 22.1910021 89.55460118 22.1910021 0 P 0
L 88.95459984 8.45100418 88.95459984 9.65100178 0 P 0
L 88.95460238 21.5910033 88.95460238 22.7910009 0 P 0
L 90.381836 45.1104 91.1818344 45.1104 0 P 0
L 90.7818352 44.7104008 90.7818352 45.5103992 0 P 0
L 91.1980015 3.048 92.6979985 3.048 0 P 0
L 91.948 2.2980015 91.948 3.7979985 0 P 0
L 95.0080015 3.048 96.5079985 3.048 0 P 0
L 95.2818008 45.1104 96.0817992 45.1104 0 P 0
L 95.6818 44.7104008 95.6818 45.5103992 0 P 0
L 95.758 2.2980015 95.758 3.7979985 0 P 0
L 97.41980008 28.55060076 98.76979992 28.55060076 0 P 0
L 97.41980008 36.5506 98.76979992 36.5506 0 P 0
L 98.0948 27.87560084 98.0948 29.22560068 0 P 0
L 98.0948 35.87560008 98.0948 37.22559992 0 P 0
