UNITS=MM
#Layer_Color=32896
#
#Feature symbol names
#
$0 r249.9995
$1 r599.9988
$2 r199.9996
$3 r101.6
$4 r177.8

#
#Feature attribute names
#

#
#Layer features
#
A 39.2325987 68.06880722 39.2325987 68.06880722 38.9325993 68.06880722 1 P 0 N
A 40.17760062 65.69380816 40.17760062 65.69380816 40.0525996 65.69380816 0 P 0 N
L 1.5748 9.8298 1.5748 12.5476 3 P 0
L 1.5748 9.8298 2.7432 9.8298 3 P 0
L 1.5748 12.5476 2.7432 12.5476 3 P 0
L 1.7526 11.0744 1.7526 11.2776 3 P 0
L 2.5654 11.0744 2.5654 11.2776 3 P 0
L 2.7432 9.8298 2.7432 12.5476 3 P 0
L 20.85600096 92.1258 20.85600096 93.9292 2 P 0
L 20.85600096 92.1258 22.23920114 92.1258 2 P 0
L 20.85600096 93.9292 22.23920114 93.9292 2 P 0
L 22.26799966 94.80399886 22.7680012 94.80399886 2 P 0
L 22.26799966 96.20400114 22.7680012 96.20400114 2 P 0
L 22.38160116 92.33899998 22.83880116 92.33899998 4 P 0
L 22.38160116 93.71059998 22.83880116 93.71059998 4 P 0
L 23.01419832 92.1258 24.35599904 92.1258 2 P 0
L 23.01419832 93.9292 24.35599904 93.9292 2 P 0
L 24.35599904 92.1258 24.35599904 93.9292 2 P 0
L 27.96800096 92.1258 27.96800096 93.9292 2 P 0
L 27.96800096 92.1258 29.35120114 92.1258 2 P 0
L 27.96800096 93.9292 29.35120114 93.9292 2 P 0
L 29.3019988 94.54999886 29.80200034 94.54999886 2 P 0
L 29.3019988 95.95000114 29.80200034 95.95000114 2 P 0
L 29.49360116 92.33899998 29.95080116 92.33899998 4 P 0
L 29.49360116 93.71059998 29.95080116 93.71059998 4 P 0
L 29.63260012 67.06880922 29.63260012 73.76880852 2 P 0
L 29.63260012 67.06880922 39.93259984 67.06880922 2 P 0
L 29.63260012 73.76880852 39.93259984 73.76880852 2 P 0
L 29.8196 12.2936 29.8196 15.0114 3 P 0
L 29.8196 12.2936 30.988 12.2936 3 P 0
L 29.8196 15.0114 30.988 15.0114 3 P 0
L 29.9974 13.5382 29.9974 13.7414 3 P 0
L 30.12619832 92.1258 31.46799904 92.1258 2 P 0
L 30.12619832 93.9292 31.46799904 93.9292 2 P 0
L 30.8102 13.5382 30.8102 13.7414 3 P 0
L 30.988 12.2936 30.988 15.0114 3 P 0
L 31.1658 12.2936 31.1658 15.0114 3 P 0
L 31.1658 12.2936 32.3342 12.2936 3 P 0
L 31.1658 15.0114 32.3342 15.0114 3 P 0
L 31.3436 13.5382 31.3436 13.7414 3 P 0
L 31.46799904 92.1258 31.46799904 93.9292 2 P 0
L 32.1564 13.5382 32.1564 13.7414 3 P 0
L 32.3342 12.2936 32.3342 15.0114 3 P 0
L 32.5374 12.319 32.5374 15.0368 3 P 0
L 32.5374 12.319 33.7058 12.319 3 P 0
L 32.5374 15.0368 33.7058 15.0368 3 P 0
L 32.7152 13.5636 32.7152 13.7668 3 P 0
L 33.528 13.5636 33.528 13.7668 3 P 0
L 33.7058 12.319 33.7058 15.0368 3 P 0
L 34.82600096 92.1258 34.82600096 93.9292 2 P 0
L 34.82600096 92.1258 36.20920114 92.1258 2 P 0
L 34.82600096 93.9292 36.20920114 93.9292 2 P 0
L 36.23799966 94.54999886 36.7380012 94.54999886 2 P 0
L 36.23799966 95.95000114 36.7380012 95.95000114 2 P 0
L 36.35160116 92.33899998 36.80880116 92.33899998 4 P 0
L 36.35160116 93.71059998 36.80880116 93.71059998 4 P 0
L 36.44199976 77.16520762 36.44199976 78.96860762 2 P 0
L 36.44199976 77.16520762 37.82519994 77.16520762 2 P 0
L 36.44199976 78.96860762 37.82519994 78.96860762 2 P 0
L 36.51240094 79.3850076 36.51240094 81.1884076 2 P 0
L 36.51240094 79.3850076 37.89560112 79.3850076 2 P 0
L 36.51240094 81.1884076 37.89560112 81.1884076 2 P 0
L 36.98419832 92.1258 38.32599904 92.1258 2 P 0
L 36.98419832 93.9292 38.32599904 93.9292 2 P 0
L 37.96759996 77.3784076 38.42479996 77.3784076 4 P 0
L 37.96759996 78.7500076 38.42479996 78.7500076 4 P 0
L 38.03800114 79.59820758 38.49520114 79.59820758 4 P 0
L 38.03800114 80.96980758 38.49520114 80.96980758 4 P 0
L 38.32599904 92.1258 38.32599904 93.9292 2 P 0
L 38.60019712 77.16520762 39.94199784 77.16520762 2 P 0
L 38.60019712 78.96860762 39.94199784 78.96860762 2 P 0
L 38.6705983 79.3850076 40.01239902 79.3850076 2 P 0
L 38.6705983 81.1884076 40.01239902 81.1884076 2 P 0
L 39.93259984 67.06880922 39.93259984 73.76880852 2 P 0
L 39.94199784 77.16520762 39.94199784 78.96860762 2 P 0
L 40.01239902 79.3850076 40.01239902 81.1884076 2 P 0
L 40.90399998 70.80240856 40.90399998 72.18560874 2 P 0
L 40.90399998 70.80240856 42.70739998 70.80240856 2 P 0
L 40.90399998 72.96060592 40.90399998 74.30240664 2 P 0
L 40.90399998 74.30240664 42.70739998 74.30240664 2 P 0
L 40.9720161 66.95540584 40.9720161 68.33860602 2 P 0
L 40.9720161 66.95540584 42.7754161 66.95540584 2 P 0
L 40.9720161 69.1136032 40.9720161 70.45540392 2 P 0
L 40.9720161 70.45540392 42.7754161 70.45540392 2 P 0
L 41.1226 72.32800876 41.1226 72.78520876 4 P 0
L 41.19061612 68.48100604 41.19061612 68.93820604 4 P 0
L 42.1894 12.25620104 42.1894 14.97400104 3 P 0
L 42.1894 12.25620104 43.3578 12.25620104 3 P 0
L 42.1894 14.97400104 43.3578 14.97400104 3 P 0
L 42.19200096 91.9988 42.19200096 93.8022 2 P 0
L 42.19200096 91.9988 43.57520114 91.9988 2 P 0
L 42.19200096 93.8022 43.57520114 93.8022 2 P 0
L 42.3672 13.50080104 42.3672 13.70400104 3 P 0
L 42.4942 72.32800876 42.4942 72.78520876 4 P 0
L 42.56221612 68.48100604 42.56221612 68.93820604 4 P 0
L 42.70739998 70.80240856 42.70739998 72.18560874 2 P 0
L 42.70739998 72.96060592 42.70739998 74.30240664 2 P 0
L 42.7754161 66.95540584 42.7754161 68.33860602 2 P 0
L 42.7754161 69.1136032 42.7754161 70.45540392 2 P 0
L 43.0802161 66.98080584 43.0802161 68.36400602 2 P 0
L 43.0802161 66.98080584 44.8836161 66.98080584 2 P 0
L 43.0802161 69.1390032 43.0802161 70.48080392 2 P 0
L 43.0802161 70.48080392 44.8836161 70.48080392 2 P 0
L 43.13919998 70.82780856 43.13919998 72.21100874 2 P 0
L 43.13919998 70.82780856 44.94259998 70.82780856 2 P 0
L 43.13919998 72.98600592 43.13919998 74.32780664 2 P 0
L 43.13919998 74.32780664 44.94259998 74.32780664 2 P 0
L 43.18 13.50080104 43.18 13.70400104 3 P 0
L 43.29881612 68.50640604 43.29881612 68.96360604 4 P 0
L 43.3578 12.25620104 43.3578 14.97400104 3 P 0
L 43.3578 72.35340876 43.3578 72.81060876 4 P 0
L 43.5102 12.2682 43.5102 14.986 3 P 0
L 43.5102 12.2682 44.6786 12.2682 3 P 0
L 43.5102 14.986 44.6786 14.986 3 P 0
L 43.60399966 94.42299886 44.1040012 94.42299886 2 P 0
L 43.60399966 95.82300114 44.1040012 95.82300114 2 P 0
L 43.688 13.5128 43.688 13.716 3 P 0
L 43.71760116 92.21199998 44.17480116 92.21199998 4 P 0
L 43.71760116 93.58359998 44.17480116 93.58359998 4 P 0
L 44.35019832 91.9988 45.69199904 91.9988 2 P 0
L 44.35019832 93.8022 45.69199904 93.8022 2 P 0
L 44.5008 13.5128 44.5008 13.716 3 P 0
L 44.67041612 68.50640604 44.67041612 68.96360604 4 P 0
L 44.6786 12.2682 44.6786 14.986 3 P 0
L 44.7294 72.35340876 44.7294 72.81060876 4 P 0
L 44.81837112 12.28792056 44.81837112 15.00572056 3 P 0
L 44.81837112 12.28792056 45.98677112 12.28792056 3 P 0
L 44.81837112 15.00572056 45.98677112 15.00572056 3 P 0
L 44.8836161 66.98080584 44.8836161 68.36400602 2 P 0
L 44.8836161 69.1390032 44.8836161 70.48080392 2 P 0
L 44.94259998 70.82780856 44.94259998 72.21100874 2 P 0
L 44.94259998 72.98600592 44.94259998 74.32780664 2 P 0
L 44.99617112 13.53252056 44.99617112 13.73572056 3 P 0
L 45.22199998 70.72620856 45.22199998 72.10940874 2 P 0
L 45.22199998 70.72620856 47.02539998 70.72620856 2 P 0
L 45.22199998 72.88440592 45.22199998 74.22620664 2 P 0
L 45.22199998 74.22620664 47.02539998 74.22620664 2 P 0
L 45.23199996 66.94740738 45.23199996 68.33060756 2 P 0
L 45.23199996 66.94740738 47.03539996 66.94740738 2 P 0
L 45.23199996 69.10560474 45.23199996 70.44740546 2 P 0
L 45.23199996 70.44740546 47.03539996 70.44740546 2 P 0
L 45.4406 72.25180876 45.4406 72.70900876 4 P 0
L 45.45059998 68.47300758 45.45059998 68.93020758 4 P 0
L 45.69199904 91.9988 45.69199904 93.8022 2 P 0
L 45.80897112 13.53252056 45.80897112 13.73572056 3 P 0
L 45.98677112 12.28792056 45.98677112 15.00572056 3 P 0
L 46.8122 72.25180876 46.8122 72.70900876 4 P 0
L 46.82219998 68.47300758 46.82219998 68.93020758 4 P 0
L 47.02539998 70.72620856 47.02539998 72.10940874 2 P 0
L 47.02539998 72.88440592 47.02539998 74.22620664 2 P 0
L 47.03539996 66.94740738 47.03539996 68.33060756 2 P 0
L 47.03539996 69.10560474 47.03539996 70.44740546 2 P 0
L 55.78100096 91.9988 55.78100096 93.8022 2 P 0
L 55.78100096 91.9988 57.12280168 91.9988 2 P 0
L 55.78100096 93.8022 57.12280168 93.8022 2 P 0
L 57.2419988 94.54999886 57.74200034 94.54999886 2 P 0
L 57.2419988 95.95000114 57.74200034 95.95000114 2 P 0
L 57.29819884 92.21740002 57.75539884 92.21740002 4 P 0
L 57.29819884 93.58900002 57.75539884 93.58900002 4 P 0
L 57.89779886 91.9988 59.28099904 91.9988 2 P 0
L 57.89779886 93.8022 59.28099904 93.8022 2 P 0
L 59.28099904 91.9988 59.28099904 93.8022 2 P 0
L 63.40100096 91.9988 63.40100096 93.8022 2 P 0
L 63.40100096 91.9988 64.74280168 91.9988 2 P 0
L 63.40100096 93.8022 64.74280168 93.8022 2 P 0
L 64.81299966 94.29599886 65.3130012 94.29599886 2 P 0
L 64.81299966 95.69600114 65.3130012 95.69600114 2 P 0
L 64.91819884 92.21740002 65.37539884 92.21740002 4 P 0
L 64.91819884 93.58900002 65.37539884 93.58900002 4 P 0
L 65.51779886 91.9988 66.90099904 91.9988 2 P 0
L 65.51779886 93.8022 66.90099904 93.8022 2 P 0
L 66.90099904 91.9988 66.90099904 93.8022 2 P 0
L 71.27500096 91.8718 71.27500096 93.6752 2 P 0
L 71.27500096 91.8718 72.61680168 91.8718 2 P 0
L 71.27500096 93.6752 72.61680168 93.6752 2 P 0
L 72.79219884 92.09040002 73.24939884 92.09040002 4 P 0
L 72.79219884 93.46200002 73.24939884 93.46200002 4 P 0
L 72.81399966 94.29599886 73.3140012 94.29599886 2 P 0
L 72.81399966 95.69600114 73.3140012 95.69600114 2 P 0
L 73.39179886 91.8718 74.77499904 91.8718 2 P 0
L 73.39179886 93.6752 74.77499904 93.6752 2 P 0
L 74.77499904 91.8718 74.77499904 93.6752 2 P 0
L 78.64100096 91.9988 78.64100096 93.8022 2 P 0
L 78.64100096 91.9988 79.98280168 91.9988 2 P 0
L 78.64100096 93.8022 79.98280168 93.8022 2 P 0
L 80.05299966 94.29599886 80.5530012 94.29599886 2 P 0
L 80.05299966 95.69600114 80.5530012 95.69600114 2 P 0
L 80.15819884 92.21740002 80.61539884 92.21740002 4 P 0
L 80.15819884 93.58900002 80.61539884 93.58900002 4 P 0
L 80.75779886 91.9988 82.14099904 91.9988 2 P 0
L 80.75779886 93.8022 82.14099904 93.8022 2 P 0
L 82.14099904 91.9988 82.14099904 93.8022 2 P 0
