UNITS=MM
#Layer_Color=16711935
#
#Feature symbol names
#
$0 r99.9998
$1 r199.9996
$2 r127

#
#Feature attribute names
#

#
#Layer features
#
A 37.62559912 50.07259988 37.62559912 50.07259988 37.12560012 50.07259988 0 P 0 N
A 39.5325981 67.56880822 39.5325981 67.56880822 39.0325991 67.56880822 0 P 0 N
A 47.73000106 8.12500026 47.73000106 8.12500026 47.63000126 8.12500026 1 P 0 N
A 58.87939964 11.37400062 58.87939964 11.37400062 58.37940064 11.37400062 0 P 0 N
A 64.24479912 35.11199988 64.24479912 35.11199988 63.74480012 35.11199988 0 P 0 N
A 82.22899988 51.1048 82.22899988 51.1048 82.12900008 51.1048 1 P 0 N
L 0.4890008 12.91599906 0.4890008 14.5159984 0 P 0
L 0.4890008 12.91599906 1.2889992 12.91599906 0 P 0
L 0.4890008 14.5159984 1.2889992 14.5159984 0 P 0
L 0.4890008 15.83699906 0.4890008 17.4369984 0 P 0
L 0.4890008 15.83699906 1.2889992 15.83699906 0 P 0
L 0.4890008 17.4369984 1.2889992 17.4369984 0 P 0
L 1.2889992 12.91599906 1.2889992 14.5159984 0 P 0
L 1.2889992 15.83699906 1.2889992 17.4369984 0 P 0
L 1.7590008 10.3760016 1.7590008 11.97600094 0 P 0
L 1.7590008 10.3760016 2.5589992 10.3760016 0 P 0
L 1.7590008 11.97600094 2.5589992 11.97600094 0 P 0
L 1.8860008 12.91599906 1.8860008 14.5159984 0 P 0
L 1.8860008 12.91599906 2.6859992 12.91599906 0 P 0
L 1.8860008 14.5159984 2.6859992 14.5159984 0 P 0
L 1.8860008 15.8250001 1.8860008 17.42499944 0 P 0
L 1.8860008 15.8250001 2.6859992 15.8250001 0 P 0
L 1.8860008 17.42499944 2.6859992 17.42499944 0 P 0
L 2.5210008 3.1370016 2.5210008 4.73700094 0 P 0
L 2.5210008 3.1370016 3.3209992 3.1370016 0 P 0
L 2.5210008 4.73700094 3.3209992 4.73700094 0 P 0
L 2.5589992 10.3760016 2.5589992 11.97600094 0 P 0
L 2.6859992 12.91599906 2.6859992 14.5159984 0 P 0
L 2.6859992 15.8250001 2.6859992 17.42499944 0 P 0
L 3.2830008 12.91599906 3.2830008 14.5159984 0 P 0
L 3.2830008 12.91599906 4.0829992 12.91599906 0 P 0
L 3.2830008 14.5159984 4.0829992 14.5159984 0 P 0
L 3.2830008 15.83699906 3.2830008 17.4369984 0 P 0
L 3.2830008 15.83699906 4.0829992 15.83699906 0 P 0
L 3.2830008 17.4369984 4.0829992 17.4369984 0 P 0
L 3.3209992 3.1370016 3.3209992 4.73700094 0 P 0
L 4.0829992 12.91599906 4.0829992 14.5159984 0 P 0
L 4.0829992 15.83699906 4.0829992 17.4369984 0 P 0
L 4.6800008 12.92799802 4.6800008 14.52799736 0 P 0
L 4.6800008 12.92799802 5.4799992 12.92799802 0 P 0
L 4.6800008 14.52799736 5.4799992 14.52799736 0 P 0
L 4.6800008 15.84899802 4.6800008 17.44899736 0 P 0
L 4.6800008 15.84899802 5.4799992 15.84899802 0 P 0
L 4.6800008 17.44899736 5.4799992 17.44899736 0 P 0
L 5.4799992 12.92799802 5.4799992 14.52799736 0 P 0
L 5.4799992 15.84899802 5.4799992 17.44899736 0 P 0
L 6.0770008 12.91599906 6.0770008 14.5159984 0 P 0
L 6.0770008 12.91599906 6.8769992 12.91599906 0 P 0
L 6.0770008 14.5159984 6.8769992 14.5159984 0 P 0
L 6.0770008 15.8370016 6.0770008 17.43700094 0 P 0
L 6.0770008 15.8370016 6.8769992 15.8370016 0 P 0
L 6.0770008 17.43700094 6.8769992 17.43700094 0 P 0
L 6.8769992 12.91599906 6.8769992 14.5159984 0 P 0
L 6.8769992 15.8370016 6.8769992 17.43700094 0 P 0
L 7.4740008 12.91599906 7.4740008 14.5159984 0 P 0
L 7.4740008 12.91599906 8.2739992 12.91599906 0 P 0
L 7.4740008 14.5159984 8.2739992 14.5159984 0 P 0
L 7.4740008 15.83699906 7.4740008 17.4369984 0 P 0
L 7.4740008 15.83699906 8.2739992 15.83699906 0 P 0
L 7.4740008 17.4369984 8.2739992 17.4369984 0 P 0
L 8.2739992 12.91599906 8.2739992 14.5159984 0 P 0
L 8.2739992 15.83699906 8.2739992 17.4369984 0 P 0
L 8.8710008 12.9160016 8.8710008 14.51600094 0 P 0
L 8.8710008 12.9160016 9.6709992 12.9160016 0 P 0
L 8.8710008 14.51600094 9.6709992 14.51600094 0 P 0
L 8.8710008 15.8370016 8.8710008 17.43700094 0 P 0
L 8.8710008 15.8370016 9.6709992 15.8370016 0 P 0
L 8.8710008 17.43700094 9.6709992 17.43700094 0 P 0
L 9.6709992 12.9160016 9.6709992 14.51600094 0 P 0
L 9.6709992 15.8370016 9.6709992 17.43700094 0 P 0
L 10.2680008 12.9160016 10.2680008 14.51600094 0 P 0
L 10.2680008 12.9160016 11.0679992 12.9160016 0 P 0
L 10.2680008 14.51600094 11.0679992 14.51600094 0 P 0
L 10.2680008 15.84900056 10.2680008 17.4489999 0 P 0
L 10.2680008 15.84900056 11.0679992 15.84900056 0 P 0
L 10.2680008 17.4489999 11.0679992 17.4489999 0 P 0
L 11.0679992 12.9160016 11.0679992 14.51600094 0 P 0
L 11.0679992 15.84900056 11.0679992 17.4489999 0 P 0
L 11.6650008 12.91599906 11.6650008 14.5159984 0 P 0
L 11.6650008 12.91599906 12.4649992 12.91599906 0 P 0
L 11.6650008 14.5159984 12.4649992 14.5159984 0 P 0
L 11.6650008 15.83699906 11.6650008 17.4369984 0 P 0
L 11.6650008 15.83699906 12.4649992 15.83699906 0 P 0
L 11.6650008 17.4369984 12.4649992 17.4369984 0 P 0
L 12.4649992 12.91599906 12.4649992 14.5159984 0 P 0
L 12.4649992 15.83699906 12.4649992 17.4369984 0 P 0
L 13.0620008 12.91599906 13.0620008 14.5159984 0 P 0
L 13.0620008 12.91599906 13.8619992 12.91599906 0 P 0
L 13.0620008 14.5159984 13.8619992 14.5159984 0 P 0
L 13.0620008 15.83699906 13.0620008 17.4369984 0 P 0
L 13.0620008 15.83699906 13.8619992 15.83699906 0 P 0
L 13.0620008 17.4369984 13.8619992 17.4369984 0 P 0
L 13.8619992 12.91599906 13.8619992 14.5159984 0 P 0
L 13.8619992 15.83699906 13.8619992 17.4369984 0 P 0
L 14.4590008 12.91599906 14.4590008 14.5159984 0 P 0
L 14.4590008 12.91599906 15.2589992 12.91599906 0 P 0
L 14.4590008 14.5159984 15.2589992 14.5159984 0 P 0
L 14.4590008 15.83699906 14.4590008 17.4369984 0 P 0
L 14.4590008 15.83699906 15.2589992 15.83699906 0 P 0
L 14.4590008 17.4369984 15.2589992 17.4369984 0 P 0
L 15.2020016 25.1270008 15.2020016 25.9269992 0 P 0
L 15.2020016 25.1270008 16.80200094 25.1270008 0 P 0
L 15.2020016 25.9269992 16.80200094 25.9269992 0 P 0
L 15.2020016 26.6510008 15.2020016 27.4509992 0 P 0
L 15.2020016 26.6510008 16.80200094 26.6510008 0 P 0
L 15.2020016 27.4509992 16.80200094 27.4509992 0 P 0
L 15.2589992 12.91599906 15.2589992 14.5159984 0 P 0
L 15.2589992 15.83699906 15.2589992 17.4369984 0 P 0
L 15.7290008 15.83699906 15.7290008 17.4369984 0 P 0
L 15.7290008 15.83699906 16.5289992 15.83699906 0 P 0
L 15.7290008 17.4369984 16.5289992 17.4369984 0 P 0
L 15.79622952 12.9358771 15.79622952 14.53587644 0 P 0
L 15.79622952 12.9358771 16.59622792 12.9358771 0 P 0
L 15.79622952 14.53587644 16.59622792 14.53587644 0 P 0
L 16.1608008 19.5334001 16.1608008 21.13339944 0 P 0
L 16.1608008 19.5334001 16.9607992 19.5334001 0 P 0
L 16.1608008 21.13339944 16.9607992 21.13339944 0 P 0
L 16.5289992 15.83699906 16.5289992 17.4369984 0 P 0
L 16.59622792 12.9358771 16.59622792 14.53587644 0 P 0
L 16.80200094 25.1270008 16.80200094 25.9269992 0 P 0
L 16.80200094 26.6510008 16.80200094 27.4509992 0 P 0
L 16.9607992 19.5334001 16.9607992 21.13339944 0 P 0
L 17.09697368 12.89952462 17.09697368 14.49952396 0 P 0
L 17.09697368 12.89952462 17.89697208 12.89952462 0 P 0
L 17.09697368 14.49952396 17.89697208 14.49952396 0 P 0
L 17.09697368 15.82052716 17.09697368 17.4205265 0 P 0
L 17.09697368 15.82052716 17.89697208 15.82052716 0 P 0
L 17.09697368 17.4205265 17.89697208 17.4205265 0 P 0
L 17.89697208 12.89952462 17.89697208 14.49952396 0 P 0
L 17.89697208 15.82052716 17.89697208 17.4205265 0 P 0
L 18.40700408 12.8933575 18.40700408 14.49335684 0 P 0
L 18.40700408 12.8933575 19.20700248 12.8933575 0 P 0
L 18.40700408 14.49335684 19.20700248 14.49335684 0 P 0
L 18.41749682 15.75864768 18.41749682 17.35864702 0 P 0
L 18.41749682 15.75864768 19.21749522 15.75864768 0 P 0
L 18.41749682 17.35864702 19.21749522 17.35864702 0 P 0
L 19.20700248 12.8933575 19.20700248 14.49335684 0 P 0
L 19.21749522 15.75864768 19.21749522 17.35864702 0 P 0
L 19.7422008 12.8398016 19.7422008 14.43980094 0 P 0
L 19.7422008 12.8398016 20.5421992 12.8398016 0 P 0
L 19.7422008 14.43980094 20.5421992 14.43980094 0 P 0
L 19.7422008 15.7608016 19.7422008 17.36080094 0 P 0
L 19.7422008 15.7608016 20.5421992 15.7608016 0 P 0
L 19.7422008 17.36080094 20.5421992 17.36080094 0 P 0
L 20.5421992 12.8398016 20.5421992 14.43980094 0 P 0
L 20.5421992 15.7608016 20.5421992 17.36080094 0 P 0
L 21.1138008 12.8398016 21.1138008 14.43980094 0 P 0
L 21.1138008 12.8398016 21.9137992 12.8398016 0 P 0
L 21.1138008 14.43980094 21.9137992 14.43980094 0 P 0
L 21.1138008 15.7608016 21.1138008 17.36080094 0 P 0
L 21.1138008 15.7608016 21.9137992 15.7608016 0 P 0
L 21.1138008 17.36080094 21.9137992 17.36080094 0 P 0
L 21.9137992 12.8398016 21.9137992 14.43980094 0 P 0
L 21.9137992 15.7608016 21.9137992 17.36080094 0 P 0
L 22.9680008 15.7100016 22.9680008 17.31000094 0 P 0
L 22.9680008 15.7100016 23.7679992 15.7100016 0 P 0
L 22.9680008 17.31000094 23.7679992 17.31000094 0 P 0
L 23.18959802 4.0450008 23.18959802 4.8449992 0 P 0
L 23.18959802 4.0450008 24.78959736 4.0450008 0 P 0
L 23.18959802 4.8449992 24.78959736 4.8449992 0 P 0
L 23.7679992 15.7100016 23.7679992 17.31000094 0 P 0
L 24.3650008 15.7100016 24.3650008 17.31000094 0 P 0
L 24.3650008 15.7100016 25.1649992 15.7100016 0 P 0
L 24.3650008 17.31000094 25.1649992 17.31000094 0 P 0
L 24.78959736 4.0450008 24.78959736 4.8449992 0 P 0
L 25.1649992 15.7100016 25.1649992 17.31000094 0 P 0
L 25.7620008 15.7100016 25.7620008 17.31000094 0 P 0
L 25.7620008 15.7100016 26.5619992 15.7100016 0 P 0
L 25.7620008 17.31000094 26.5619992 17.31000094 0 P 0
L 25.78280086 45.37899992 29.18279914 45.37899992 2 P 0
L 25.78280086 50.37900008 29.18279914 50.37900008 2 P 0
L 26.5619992 15.7100016 26.5619992 17.31000094 0 P 0
L 27.1590008 12.80100056 27.1590008 14.4009999 0 P 0
L 27.1590008 12.80100056 27.9589992 12.80100056 0 P 0
L 27.1590008 14.4009999 27.9589992 14.4009999 0 P 0
L 27.1590008 15.7100016 27.1590008 17.31000094 0 P 0
L 27.1590008 15.7100016 27.9589992 15.7100016 0 P 0
L 27.1590008 17.31000094 27.9589992 17.31000094 0 P 0
L 27.31779906 18.3452008 27.31779906 19.1451992 0 P 0
L 27.31779906 18.3452008 28.9177984 18.3452008 0 P 0
L 27.31779906 19.1451992 28.9177984 19.1451992 0 P 0
L 27.9589992 12.80100056 27.9589992 14.4009999 0 P 0
L 27.9589992 15.7100016 27.9589992 17.31000094 0 P 0
L 28.6322008 15.7354016 28.6322008 17.33540094 0 P 0
L 28.6322008 15.7354016 29.4321992 15.7354016 0 P 0
L 28.6322008 17.33540094 29.4321992 17.33540094 0 P 0
L 28.9177984 18.3452008 28.9177984 19.1451992 0 P 0
L 29.4321992 15.7354016 29.4321992 17.33540094 0 P 0
L 29.63260012 66.66880748 29.63260012 74.16880772 0 P 0
L 29.63260012 66.66880748 39.93259984 66.66880748 0 P 0
L 29.63260012 74.16880772 39.93259984 74.16880772 0 P 0
L 30.0038008 12.8398016 30.0038008 14.43980094 0 P 0
L 30.0038008 12.8398016 30.8037992 12.8398016 0 P 0
L 30.0038008 14.43980094 30.8037992 14.43980094 0 P 0
L 30.0038008 15.7608016 30.0038008 17.36080094 0 P 0
L 30.0038008 15.7608016 30.8037992 15.7608016 0 P 0
L 30.0038008 17.36080094 30.8037992 17.36080094 0 P 0
L 30.8037992 12.8398016 30.8037992 14.43980094 0 P 0
L 30.8037992 15.7608016 30.8037992 17.36080094 0 P 0
L 31.3500008 12.8398016 31.3500008 14.43980094 0 P 0
L 31.3500008 12.8398016 32.1499992 12.8398016 0 P 0
L 31.3500008 14.43980094 32.1499992 14.43980094 0 P 0
L 31.3500008 15.74880264 31.3500008 17.34880198 0 P 0
L 31.3500008 15.74880264 32.1499992 15.74880264 0 P 0
L 31.3500008 17.34880198 32.1499992 17.34880198 0 P 0
L 32.1499992 12.8398016 32.1499992 14.43980094 0 P 0
L 32.1499992 15.74880264 32.1499992 17.34880198 0 P 0
L 32.7216008 12.8652016 32.7216008 14.46520094 0 P 0
L 32.7216008 12.8652016 33.5215992 12.8652016 0 P 0
L 32.7216008 14.46520094 33.5215992 14.46520094 0 P 0
L 32.7216008 15.74880264 32.7216008 17.34880198 0 P 0
L 32.7216008 15.74880264 33.5215992 15.74880264 0 P 0
L 32.7216008 17.34880198 33.5215992 17.34880198 0 P 0
L 33.5215992 12.8652016 33.5215992 14.46520094 0 P 0
L 33.5215992 15.74880264 33.5215992 17.34880198 0 P 0
L 35.6680008 15.7100016 35.6680008 17.31000094 0 P 0
L 35.6680008 15.7100016 36.4679992 15.7100016 0 P 0
L 35.6680008 17.31000094 36.4679992 17.31000094 0 P 0
L 36.22559938 43.97259938 36.22559938 50.97260062 0 P 0
L 36.22559938 43.97259938 43.22560062 43.97259938 0 P 0
L 36.22559938 50.97260062 43.22560062 50.97260062 0 P 0
L 36.4679992 15.7100016 36.4679992 17.31000094 0 P 0
L 37.0650008 15.7100016 37.0650008 17.31000094 0 P 0
L 37.0650008 15.7100016 37.8649992 15.7100016 0 P 0
L 37.0650008 17.31000094 37.8649992 17.31000094 0 P 0
L 37.4524016 4.2482008 37.4524016 5.0481992 0 P 0
L 37.4524016 4.2482008 39.05240094 4.2482008 0 P 0
L 37.4524016 5.0481992 39.05240094 5.0481992 0 P 0
L 37.6810016 23.7300008 37.6810016 24.5299992 0 P 0
L 37.6810016 23.7300008 39.28100094 23.7300008 0 P 0
L 37.6810016 24.5299992 39.28100094 24.5299992 0 P 0
L 37.8649992 15.7100016 37.8649992 17.31000094 0 P 0
L 37.9794008 11.7984016 37.9794008 13.39840094 0 P 0
L 37.9794008 11.7984016 38.7793992 11.7984016 0 P 0
L 37.9794008 13.39840094 38.7793992 13.39840094 0 P 0
L 38.3350008 15.7100016 38.3350008 17.31000094 0 P 0
L 38.3350008 15.7100016 39.1349992 15.7100016 0 P 0
L 38.3350008 17.31000094 39.1349992 17.31000094 0 P 0
L 38.7793992 11.7984016 38.7793992 13.39840094 0 P 0
L 38.8430008 26.1374001 38.8430008 27.73739944 0 P 0
L 38.8430008 26.1374001 39.6429992 26.1374001 0 P 0
L 38.8430008 27.73739944 39.6429992 27.73739944 0 P 0
L 39.05240094 4.2482008 39.05240094 5.0481992 0 P 0
L 39.1349992 15.7100016 39.1349992 17.31000094 0 P 0
L 39.28100094 23.7300008 39.28100094 24.5299992 0 P 0
L 39.6429992 26.1374001 39.6429992 27.73739944 0 P 0
L 39.7320008 12.80100056 39.7320008 14.4009999 0 P 0
L 39.7320008 12.80100056 40.5319992 12.80100056 0 P 0
L 39.7320008 14.4009999 40.5319992 14.4009999 0 P 0
L 39.7320008 15.69800264 39.7320008 17.29800198 0 P 0
L 39.7320008 15.69800264 40.5319992 15.69800264 0 P 0
L 39.7320008 17.29800198 40.5319992 17.29800198 0 P 0
L 39.83999906 18.4976008 39.83999906 19.2975992 0 P 0
L 39.83999906 18.4976008 41.4399984 18.4976008 0 P 0
L 39.83999906 19.2975992 41.4399984 19.2975992 0 P 0
L 39.93259984 66.66880748 39.93259984 74.16880772 0 P 0
L 40.5319992 12.80100056 40.5319992 14.4009999 0 P 0
L 40.5319992 15.69800264 40.5319992 17.29800198 0 P 0
L 41.0528008 15.72340264 41.0528008 17.32340198 0 P 0
L 41.0528008 15.72340264 41.8527992 15.72340264 0 P 0
L 41.0528008 17.32340198 41.8527992 17.32340198 0 P 0
L 41.4399984 18.4976008 41.4399984 19.2975992 0 P 0
L 41.8527992 15.72340264 41.8527992 17.32340198 0 P 0
L 42.3736008 12.80240264 42.3736008 14.40240198 0 P 0
L 42.3736008 12.80240264 43.1735992 12.80240264 0 P 0
L 42.3736008 14.40240198 43.1735992 14.40240198 0 P 0
L 42.3736008 15.72340264 42.3736008 17.32340198 0 P 0
L 42.3736008 15.72340264 43.1735992 15.72340264 0 P 0
L 42.3736008 17.32340198 43.1735992 17.32340198 0 P 0
L 43.1735992 12.80240264 43.1735992 14.40240198 0 P 0
L 43.1735992 15.72340264 43.1735992 17.32340198 0 P 0
L 43.22560062 43.97259938 43.22560062 50.97260062 0 P 0
L 43.6944008 12.8144016 43.6944008 14.41440094 0 P 0
L 43.6944008 12.8144016 44.4943992 12.8144016 0 P 0
L 43.6944008 14.41440094 44.4943992 14.41440094 0 P 0
L 43.6944008 15.7354016 43.6944008 17.33540094 0 P 0
L 43.6944008 15.7354016 44.4943992 15.7354016 0 P 0
L 43.6944008 17.33540094 44.4943992 17.33540094 0 P 0
L 44.4943992 12.8144016 44.4943992 14.41440094 0 P 0
L 44.4943992 15.7354016 44.4943992 17.33540094 0 P 0
L 45.00257192 12.83412216 45.00257192 14.4341215 0 P 0
L 45.00257192 12.83412216 45.80257032 12.83412216 0 P 0
L 45.00257192 14.4341215 45.80257032 14.4341215 0 P 0
L 45.00257192 15.75512216 45.00257192 17.3551215 0 P 0
L 45.00257192 15.75512216 45.80257032 15.75512216 0 P 0
L 45.00257192 17.3551215 45.80257032 17.3551215 0 P 0
L 45.80257032 12.83412216 45.80257032 14.4341215 0 P 0
L 45.80257032 15.75512216 45.80257032 17.3551215 0 P 0
L 47.06500112 7.55499886 47.06500112 11.49500114 2 P 0
L 47.06500112 7.55499886 51.99499888 7.55499886 2 P 0
L 47.06500112 11.49500114 51.99499888 11.49500114 2 P 0
L 47.5870016 13.8240008 47.5870016 14.6239992 0 P 0
L 47.5870016 13.8240008 49.18700094 13.8240008 0 P 0
L 47.5870016 14.6239992 49.18700094 14.6239992 0 P 0
L 49.18700094 13.8240008 49.18700094 14.6239992 0 P 0
L 50.49600264 13.8240008 50.49600264 14.6239992 0 P 0
L 50.49600264 13.8240008 52.09600198 13.8240008 0 P 0
L 50.49600264 14.6239992 52.09600198 14.6239992 0 P 0
L 51.23360086 30.26599992 54.63359914 30.26599992 2 P 0
L 51.23360086 35.26600008 54.63359914 35.26600008 2 P 0
L 51.99499888 7.55499886 51.99499888 11.49500114 2 P 0
L 52.09600198 13.8240008 52.09600198 14.6239992 0 P 0
L 56.98499906 5.6960008 56.98499906 6.4959992 0 P 0
L 56.98499906 5.6960008 58.5849984 5.6960008 0 P 0
L 56.98499906 6.4959992 58.5849984 6.4959992 0 P 0
L 57.4793999 10.47399988 57.4793999 17.97400012 0 P 0
L 57.4793999 10.47399988 70.0794001 10.47399988 0 P 0
L 57.4793999 17.97400012 70.0794001 17.97400012 0 P 0
L 58.00099906 20.4534008 58.00099906 21.2533992 0 P 0
L 58.00099906 20.4534008 59.6009984 20.4534008 0 P 0
L 58.00099906 21.2533992 59.6009984 21.2533992 0 P 0
L 58.5849984 5.6960008 58.5849984 6.4959992 0 P 0
L 59.6009984 20.4534008 59.6009984 21.2533992 0 P 0
L 59.6456008 35.64899906 59.6456008 37.2489984 0 P 0
L 59.6456008 35.64899906 60.4455992 35.64899906 0 P 0
L 59.6456008 37.2489984 60.4455992 37.2489984 0 P 0
L 60.4455992 35.64899906 60.4455992 37.2489984 0 P 0
L 62.84479938 29.01199938 62.84479938 36.01200062 0 P 0
L 62.84479938 29.01199938 69.84480062 29.01199938 0 P 0
L 62.84479938 36.01200062 69.84480062 36.01200062 0 P 0
L 65.06219906 5.2134008 65.06219906 6.0133992 0 P 0
L 65.06219906 5.2134008 66.6621984 5.2134008 0 P 0
L 65.06219906 6.0133992 66.6621984 6.0133992 0 P 0
L 66.6621984 5.2134008 66.6621984 6.0133992 0 P 0
L 69.84480062 29.01199938 69.84480062 36.01200062 0 P 0
L 70.0794001 10.47399988 70.0794001 17.97400012 0 P 0
L 73.35799908 15.59980116 73.35799908 19.29980138 0 P 0
L 73.35799908 15.59980116 80.05799838 15.59980116 0 P 0
L 73.35799908 19.29980138 80.05799838 19.29980138 0 P 0
L 74.89199906 5.5690008 74.89199906 6.3689992 0 P 0
L 74.89199906 5.5690008 76.4919984 5.5690008 0 P 0
L 74.89199906 6.3689992 76.4919984 6.3689992 0 P 0
L 76.4919984 5.5690008 76.4919984 6.3689992 0 P 0
L 77.43199906 11.5888008 77.43199906 12.3887992 0 P 0
L 77.43199906 11.5888008 79.0319984 11.5888008 0 P 0
L 77.43199906 12.3887992 79.0319984 12.3887992 0 P 0
L 79.0319984 11.5888008 79.0319984 12.3887992 0 P 0
L 80.05799838 15.59980116 80.05799838 19.29980138 0 P 0
L 80.8038008 18.78339906 80.8038008 20.3833984 0 P 0
L 80.8038008 18.78339906 81.6037992 18.78339906 0 P 0
L 80.8038008 20.3833984 81.6037992 20.3833984 0 P 0
L 81.6037992 18.78339906 81.6037992 20.3833984 0 P 0
L 82.79139906 5.3150008 82.79139906 6.1149992 0 P 0
L 82.79139906 5.3150008 84.3913984 5.3150008 0 P 0
L 82.79139906 6.1149992 84.3913984 6.1149992 0 P 0
L 82.88399984 51.9047984 82.88399984 55.80480076 2 P 0
L 82.88399984 51.9047984 92.88400016 51.9047984 2 P 0
L 82.88399984 55.80480076 92.88400016 55.80480076 2 P 0
L 83.4010016 57.9438008 83.4010016 58.7437992 0 P 0
L 83.4010016 57.9438008 85.00100094 57.9438008 0 P 0
L 83.4010016 58.7437992 85.00100094 58.7437992 0 P 0
L 84.2328008 30.39119906 84.2328008 31.9911984 0 P 0
L 84.2328008 30.39119906 85.0327992 30.39119906 0 P 0
L 84.2328008 31.9911984 85.0327992 31.9911984 0 P 0
L 84.3913984 5.3150008 84.3913984 6.1149992 0 P 0
L 84.5566 7.493 84.5566 23.749 1 P 0
L 84.5566 7.493 99.5426 7.493 1 P 0
L 84.5566 23.749 99.5426 23.749 1 P 0
L 85.00100094 57.9438008 85.00100094 58.7437992 0 P 0
L 85.0327992 30.39119906 85.0327992 31.9911984 0 P 0
L 90.5638016 47.8346008 90.5638016 48.6345992 0 P 0
L 90.5638016 47.8346008 92.16380094 47.8346008 0 P 0
L 90.5638016 48.6345992 92.16380094 48.6345992 0 P 0
L 91.9234001 5.4166008 91.9234001 6.2165992 0 P 0
L 91.9234001 5.4166008 93.52339944 5.4166008 0 P 0
L 91.9234001 6.2165992 93.52339944 6.2165992 0 P 0
L 92.16380094 47.8346008 92.16380094 48.6345992 0 P 0
L 92.88400016 51.9047984 92.88400016 55.80480076 2 P 0
L 93.4340016 47.8600008 93.4340016 48.6599992 0 P 0
L 93.4340016 47.8600008 95.03400094 47.8600008 0 P 0
L 93.4340016 48.6599992 95.03400094 48.6599992 0 P 0
L 93.52339944 5.4166008 93.52339944 6.2165992 0 P 0
L 95.03400094 47.8600008 95.03400094 48.6599992 0 P 0
L 99.5426 7.493 99.5426 23.749 1 P 0
