UNITS=MM
#Layer_Color=32768
#
#Feature symbol names
#
$0 r199.9996
$1 r99.9998
$2 r49.9999

#
#Feature attribute names
#

#
#Layer features
#
L 20.86799992 94.60399926 20.86799992 96.40400074 1 P 0
L 20.86799992 94.60399926 24.16800094 94.60399926 1 P 0
L 20.86799992 96.40400074 24.16800094 96.40400074 1 P 0
L 23.27980104 36.26660006 23.27980104 38.86659994 0 P 0
L 23.27980104 36.26660006 24.57980098 36.26660006 0 P 0
L 23.27980104 38.86659994 24.67980078 38.86659994 0 P 0
L 24.16800094 94.60399926 24.16800094 96.40400074 1 P 0
L 24.57980098 35.26659952 24.57980098 36.26660006 0 P 0
L 24.57980098 35.26659952 33.27979882 35.26659952 0 P 0
L 24.67980078 38.86659994 24.67980078 39.76660068 0 P 0
L 24.67980078 39.76660068 33.17979902 39.76660068 0 P 0
L 25.41279906 40.22259926 25.41279906 42.02260074 1 P 0
L 25.41279906 40.22259926 28.71280008 40.22259926 1 P 0
L 25.41279906 42.02260074 28.71280008 42.02260074 1 P 0
L 25.53279882 44.47899918 25.53279882 51.27900082 0 P 0
L 25.53279882 44.47899918 29.43280118 44.47899918 0 P 0
L 25.53279882 51.27900082 29.43280118 51.27900082 0 P 0
L 27.90199906 94.34999926 27.90199906 96.15000074 1 P 0
L 27.90199906 94.34999926 31.20200008 94.34999926 1 P 0
L 27.90199906 96.15000074 31.20200008 96.15000074 1 P 0
L 28.71280008 40.22259926 28.71280008 42.02260074 1 P 0
L 29.38260062 64.49380802 29.38260062 76.34380718 2 P 0
L 29.38260062 64.49380802 40.18259934 64.49380802 2 P 0
L 29.38260062 76.34380718 40.18259934 76.34380718 2 P 0
L 29.43280118 44.47899918 29.43280118 51.27900082 0 P 0
L 29.75779926 44.48819906 29.75779926 47.78820008 1 P 0
L 29.75779926 44.48819906 31.55780074 44.48819906 1 P 0
L 29.75779926 47.78820008 31.55780074 47.78820008 1 P 0
L 29.75779926 47.96799906 29.75779926 51.26800008 1 P 0
L 29.75779926 47.96799906 31.55780074 47.96799906 1 P 0
L 29.75779926 51.26800008 31.55780074 51.26800008 1 P 0
L 31.20200008 94.34999926 31.20200008 96.15000074 1 P 0
L 31.55780074 44.48819906 31.55780074 47.78820008 1 P 0
L 31.55780074 47.96799906 31.55780074 51.26800008 1 P 0
L 31.81519926 43.95659992 31.81519926 47.25660094 1 P 0
L 31.81519926 43.95659992 33.61520074 43.95659992 1 P 0
L 31.81519926 47.25660094 33.61520074 47.25660094 1 P 0
L 32.22159926 49.67159992 32.22159926 52.97160094 1 P 0
L 32.22159926 49.67159992 34.02160074 49.67159992 1 P 0
L 32.22159926 52.97160094 34.02160074 52.97160094 1 P 0
L 33.17979902 38.86659994 33.17979902 39.76660068 0 P 0
L 33.17979902 38.86659994 34.37979916 38.86659994 0 P 0
L 33.27979882 35.26659952 33.27979882 36.16660026 0 P 0
L 33.27979882 36.16660026 34.37979916 36.16660026 0 P 0
L 33.61520074 43.95659992 33.61520074 47.25660094 1 P 0
L 34.02160074 49.67159992 34.02160074 52.97160094 1 P 0
L 34.28260098 70.4188076 35.28259898 70.4188076 1 P 0
L 34.35359906 52.79559926 34.35359906 54.59560074 1 P 0
L 34.35359906 52.79559926 37.65360008 52.79559926 1 P 0
L 34.35359906 54.59560074 37.65360008 54.59560074 1 P 0
L 34.37979916 36.16660026 34.37979916 38.86659994 0 P 0
L 34.48160236 54.82759926 34.48160236 56.62760074 1 P 0
L 34.48160236 54.82759926 37.68160104 54.82759926 1 P 0
L 34.48160236 56.62760074 37.68160104 56.62760074 1 P 0
L 34.52560024 42.27260024 34.52560024 52.67259976 2 P 0
L 34.52560024 42.27260024 44.92559976 42.27260024 2 P 0
L 34.52560024 52.67259976 44.92559976 52.67259976 2 P 0
L 34.78259998 69.9188086 34.78259998 70.91880914 1 P 0
L 34.83799992 94.34999926 34.83799992 96.15000074 1 P 0
L 34.83799992 94.34999926 38.13800094 94.34999926 1 P 0
L 34.83799992 96.15000074 38.13800094 96.15000074 1 P 0
L 35.11620104 30.70400006 35.11620104 33.30399994 0 P 0
L 35.11620104 30.70400006 36.41620098 30.70400006 0 P 0
L 35.11620104 33.30399994 36.51620078 33.30399994 0 P 0
L 36.41620098 29.70399952 36.41620098 30.70400006 0 P 0
L 36.41620098 29.70399952 45.11619882 29.70399952 0 P 0
L 36.51620078 33.30399994 36.51620078 34.20400068 0 P 0
L 36.51620078 34.20400068 45.01619902 34.20400068 0 P 0
L 37.12399992 34.12659926 37.12399992 35.92660074 1 P 0
L 37.12399992 34.12659926 40.42400094 34.12659926 1 P 0
L 37.12399992 35.92660074 40.42400094 35.92660074 1 P 0
L 37.65360008 52.79559926 37.65360008 54.59560074 1 P 0
L 37.68160104 54.82759926 37.68160104 56.62760074 1 P 0
L 38.13800094 94.34999926 38.13800094 96.15000074 1 P 0
L 39.22559846 47.4726 40.225599 47.4726 1 P 0
L 39.7256 46.972601 39.7256 47.97260154 1 P 0
L 40.18259934 64.49380802 40.18259934 76.34380718 2 P 0
L 40.42400094 34.12659926 40.42400094 35.92660074 1 P 0
L 41.33859906 40.22259926 41.33859906 42.02260074 1 P 0
L 41.33859906 40.22259926 44.63860008 40.22259926 1 P 0
L 41.33859906 42.02260074 44.63860008 42.02260074 1 P 0
L 42.20399992 94.22299926 42.20399992 96.02300074 1 P 0
L 42.20399992 94.22299926 45.50400094 94.22299926 1 P 0
L 42.20399992 96.02300074 45.50400094 96.02300074 1 P 0
L 44.63860008 40.22259926 44.63860008 42.02260074 1 P 0
L 44.92559976 42.27260024 44.92559976 52.67259976 2 P 0
L 45.01619902 33.30399994 45.01619902 34.20400068 0 P 0
L 45.01619902 33.30399994 46.21619916 33.30399994 0 P 0
L 45.11619882 29.70399952 45.11619882 30.60400026 0 P 0
L 45.11619882 30.60400026 46.21619916 30.60400026 0 P 0
L 45.50400094 94.22299926 45.50400094 96.02300074 1 P 0
L 46.21619916 30.60400026 46.21619916 33.30399994 0 P 0
L 46.7900004 5.82000106 46.7900004 13.22999894 0 P 0
L 46.7900004 5.82000106 52.2699996 5.82000106 0 P 0
L 46.7900004 13.22999894 52.2699996 13.22999894 0 P 0
L 48.12700052 38.4326003 48.12700052 51.6325993 0 P 0
L 48.12700052 38.4326003 54.72700002 38.4326003 0 P 0
L 48.12700052 51.6325993 54.72700002 51.6325993 0 P 0
L 50.98359882 29.36599918 50.98359882 36.16600082 0 P 0
L 50.98359882 29.36599918 54.88360118 29.36599918 0 P 0
L 50.98359882 36.16600082 54.88360118 36.16600082 0 P 0
L 52.2699996 5.82000106 52.2699996 13.22999894 0 P 0
L 54.72700002 38.4326003 54.72700002 51.6325993 0 P 0
L 54.88360118 29.36599918 54.88360118 36.16600082 0 P 0
L 55.20859926 29.29899906 55.20859926 32.59900008 1 P 0
L 55.20859926 29.29899906 57.00860074 29.29899906 1 P 0
L 55.20859926 32.59900008 57.00860074 32.59900008 1 P 0
L 55.20859926 32.93299992 55.20859926 36.23300094 1 P 0
L 55.20859926 32.93299992 57.00860074 32.93299992 1 P 0
L 55.20859926 36.23300094 57.00860074 36.23300094 1 P 0
L 55.84199906 94.34999926 55.84199906 96.15000074 1 P 0
L 55.84199906 94.34999926 59.14200008 94.34999926 1 P 0
L 55.84199906 96.15000074 59.14200008 96.15000074 1 P 0
L 57.00860074 29.29899906 57.00860074 32.59900008 1 P 0
L 57.00860074 32.93299992 57.00860074 36.23300094 1 P 0
L 57.16439926 34.81079906 57.16439926 38.11080008 1 P 0
L 57.16439926 34.81079906 58.96440074 34.81079906 1 P 0
L 57.16439926 38.11080008 58.96440074 38.11080008 1 P 0
L 57.21519926 27.8239982 57.21519926 31.12399922 1 P 0
L 57.21519926 27.8239982 59.01520074 27.8239982 1 P 0
L 57.21519926 31.12399922 59.01520074 31.12399922 1 P 0
L 57.2294004 8.39900022 57.2294004 20.04899978 2 P 0
L 57.2294004 8.39900022 70.3293996 8.39900022 2 P 0
L 57.2294004 20.04899978 70.3293996 20.04899978 2 P 0
L 58.96440074 34.81079906 58.96440074 38.11080008 1 P 0
L 59.01520074 27.8239982 59.01520074 31.12399922 1 P 0
L 59.14200008 94.34999926 59.14200008 96.15000074 1 P 0
L 61.14480024 27.31200024 61.14480024 37.71199976 2 P 0
L 61.14480024 27.31200024 71.54479976 27.31200024 2 P 0
L 61.14480024 37.71199976 71.54479976 37.71199976 2 P 0
L 61.55879992 37.96199926 61.55879992 39.76200074 1 P 0
L 61.55879992 37.96199926 64.85880094 37.96199926 1 P 0
L 61.55879992 39.76200074 64.85880094 39.76200074 1 P 0
L 63.279401 14.224 64.279399 14.224 1 P 0
L 63.41299992 94.09599926 63.41299992 95.89600074 1 P 0
L 63.41299992 94.09599926 66.71300094 94.09599926 1 P 0
L 63.41299992 95.89600074 66.71300094 95.89600074 1 P 0
L 63.7794 13.724001 63.7794 14.72400154 1 P 0
L 64.85880094 37.96199926 64.85880094 39.76200074 1 P 0
L 65.84479846 32.512 66.844799 32.512 1 P 0
L 66.3448 32.012001 66.3448 33.01200154 1 P 0
L 66.71300094 94.09599926 66.71300094 95.89600074 1 P 0
L 67.83079906 25.26199926 67.83079906 27.06200074 1 P 0
L 67.83079906 25.26199926 71.13080008 25.26199926 1 P 0
L 67.83079906 27.06200074 71.13080008 27.06200074 1 P 0
L 70.3293996 8.39900022 70.3293996 20.04899978 2 P 0
L 71.13080008 25.26199926 71.13080008 27.06200074 1 P 0
L 71.41399992 94.09599926 71.41399992 95.89600074 1 P 0
L 71.41399992 94.09599926 74.71400094 94.09599926 1 P 0
L 71.41399992 95.89600074 74.71400094 95.89600074 1 P 0
L 71.54479976 27.31200024 71.54479976 37.71199976 2 P 0
L 73.10799958 13.09980108 73.10799958 21.79980146 1 P 0
L 73.10799958 13.09980108 80.30800042 13.09980108 1 P 0
L 73.10799958 21.79980146 80.30800042 21.79980146 1 P 0
L 74.71400094 94.09599926 74.71400094 95.89600074 1 P 0
L 76.20799846 17.4498 77.207999 17.4498 1 P 0
L 76.708 16.949801 76.708 17.94980154 1 P 0
L 77.08300052 23.4720003 77.08300052 36.6719993 0 P 0
L 77.08300052 23.4720003 83.68300002 23.4720003 0 P 0
L 77.08300052 36.6719993 83.68300002 36.6719993 0 P 0
L 78.65299992 94.09599926 78.65299992 95.89600074 1 P 0
L 78.65299992 94.09599926 81.95300094 94.09599926 1 P 0
L 78.65299992 95.89600074 81.95300094 95.89600074 1 P 0
L 80.30800042 13.09980108 80.30800042 21.79980146 1 P 0
L 81.95300094 94.09599926 81.95300094 95.89600074 1 P 0
L 82.63400034 50.19980054 82.63400034 57.50979862 2 P 0
L 82.63400034 50.19980054 93.13399966 50.19980054 2 P 0
L 82.63400034 57.50979862 93.13399966 57.50979862 2 P 0
L 83.0326 11.43 83.0326 12.954 0 P 0
L 83.0326 11.43 83.7946 12.192 0 P 0
L 83.0326 12.954 83.7946 12.192 0 P 0
L 83.68300002 23.4720003 83.68300002 36.6719993 0 P 0
L 84.0486 24.511 84.04860254 6.985 0 P 0
L 84.0486 24.511 100.0506 24.511 0 P 0
L 84.04860254 6.985 100.05059746 6.985 0 P 0
L 93.13399966 50.19980054 93.13399966 57.50979862 2 P 0
L 100.05059746 6.985 100.0506 24.511 0 P 0
